97
1852
1692
2321
1700
1212
2390
2563
126
2917
1218
359
281
1708
2987
1865
1546
767
1544
1986
433
2467
2279
2372
124
1921
1126
972
1003
600
2185
1143
2908
2149
674
334
184
311
72
2195
2697
1764
1849
2110
237
2790
2454
2352
2761
723
1029
973
177
1579
2642
98
447
2715
577
147
2546
497
1418
1852
555
815
2442
2934
821
1962
2563
2015
2206
2955
2021
1641
2766
2696
2282
2391
2872
259
2045
1421
815
2042
235
2734
856
2250
578
2358
2404
2222
703
2000
1851
14
2088
1958
1678
1103
1858
2099
2111
2252
624
1024
2124
2083
1832
123
1940
1448
2484
218
1128
381
1334
477
2633
2330
530
1120
1299
221
2820
1788
2635
1799
1781
1549
1390
544
840
2720
1961
2351
299
2888
816
727
1944
2843
2591
2263
1191
2273
1837
85
978
1355
978
568
935
626
711
1648
672
675
2022
1514
1265
408
1048
1963
1978
1149
2195
1432
2837
600
2222
380
2006
2797
496
246
2538
1732
2609
218
642
2833
992
2524
903
2620
1061
1764
1158
444
1549
100
910
378
2965
2218
1622
2107
1578
2866
273
2952
899
1174
1575
2736
1318
322
523
1654
321
89
616
1477
2836
1400
1942
933
1189
124
2372
1162
142
2561
852
2849
339
1172
2635
1753
464
710
2754
1501
665
2462
17
189
746
2754
2310
1313
1871
608
1015
2703
328
382
1065
2671
2846
1813
2611
104
1705
551
2463
724
1508
1788
976
166
200
1663
427
2489
572
645
1116
568
2136
354
2143
2407
816
837
754
2803
1467
2421
2218
2021
988
806
2792
836
493
2039
2949
1246
2890
1189
194
1125
2705
1220
2105
2790
721
7
1022
1921
408
949
2257
1365
2564
1150
2178
864
1639
24
260
964
2513
694
1142
1262
2952
4
796
2433
2478
1522
1576
1116
701
1845
532
882
200
2770
2974
2685
355
1328
1139
23
1610
1536
43
2570
278
2228
1330
1135
2082
1340
2153
86
1373
1649
2088
1479
1040
929
2421
2627
944
1920
2754
1218
2098
2354
1414
1911
2566
1358
1975
746
2218
703
1040
2315
2659
1619
1439
1073
269
2936
2218
934
934
2243
700
3
436
2956
1972
1131
1778
274
1978
749
1092
2281
1087
1898
1511
2752
812
418
784
1446
1351
2548
2231
2795
833
1247
2507
2917
1848
1660
2080
2703
2066
1342
2483
2303
2146
2212
1957
1841
418
2915
2714
2936
1727
2036
2343
1414
2798
1593
1189
161
2824
2452
809
1028
1207
913
2031
1368
1511
746
2927
944
2497
287
1627
620
1586
480
298
624
640
2537
1337
931
2127
2295
114
532
1930
1614
215
1849
1032
2581
2843
2693
316
512
260
2038
588
775
2511
1925
2964
2957
1751
1796
2728
838
2805
2959
2673
2195
2940
53
31
2436
967
388
1971
1436
2683
377
894
669
2680
2615
746
622
1320
2768
2049
2213
1054
1894
1142
2689
525
2673
880
463
1723
2732
746
1741
1055
832
1621
287
1347
2776
1275
1493
480
1721
2448
672
2043
2227
2739
2858
187
2607
1260
240
2413
584
1122
2306
1615
1566
332
2545
599
2454
2483
1901
1348
1858
763
1902
1824
2393
2860
287
2980
881
543
1520
2473
2483
458
558
1487
696
2152
794
1928
658
1144
1790
2327
1205
393
284
385
325
1007
1092
918
809
1644
1576
939
1386
54
2689
2018
620
1514
2338
1300
1242
2719
1973
1664
2567
161
166
1593
2675
1625
2259
1949
1580
290
317
2798
935
2908
2284
2823
350
358
2552
6
788
2585
2247
2754
2563
2216
2603
1451
1315
1922
67
1771
1499
1200
1702
95
118
1241
1035
2981
1421
843
2710
1966
2025
794
1853
1859
1921
1144
1676
2168
2686
1904
483
2680
2567
2767
2539
2793
376
2112
1561
1831
1332
2959
2921
2546
264
1432
1462
13
2489
2782
2490
649
2338
1954
2530
2878
1559
2404
20
2793
273
2703
2204
1608
70
711
2589
1965
2810
1720
1092
2172
205
2347
1088
2333
512
2163
839
972
778
2861
161
2343
1313
63
473
806
1547
2948
561
534
2501
2001
2009
1367
1349
2033
1683
347
305
1697
1545
2125
2224
111
610
448
557
1790
2861
2222
2386
1091
2462
2679
1419
209
2352
1388
1955
1189
1569
1970
907
453
2050
2609
1721
1088
829
1546
1210
1719
67
1913
663
1336
2836
2023
337
2867
2595
2070
1278
1890
862
2684
208
815
369
1994
2997
191
1992
1186
2416
2879
1020
898
2032
2686
1237
237
837
557
1163
1953
1619
1515
2105
907
639
252
1884
2706
449
2724
2478
1989
2252
2170
1675
1002
1110
2900
1698
1390
874
2293
199
184
2763
2009
710
116
2938
422
1685
1527
256
2244
1567
2412
1397
2702
223
1994
1728
1635
1874
1809
1095
1466
1130
422
2299
2604
418
1912
4
46
548
2712
2994
1724
1162
1125
2995
924
1076
2460
1854
1650
2988
531
751
1980
1660
1827
794
2219
955
1067
1819
1341
2654
2872
1340
749
1417
1260
1768
2944
2249
558
564
803
2985
1715
1365
2036
903
1224
1847
272
1529
1978
2281
1915
2049
230
1994
611
385
216
406
188
2016
463
2316
2599
469
391
2937
695
1087
1420
2218
1402
1622
392
2582
1141
1896
831
102
1847
808
2108
917
1399
841
2763
1440
1549
1542
2571
1567
2858
2053
2365
887
2511
1845
1241
795
1800
1562
1812
2165
806
2321
1529
2499
963
93
2235
1608
643
999
1260
1757
1150
1794
382
2826
2344
1461
2871
2522
1649
1253
195
1542
1554
862
2045
1444
1613
1026
802
1579
1351
548
1029
2567
2945
580
476
2188
1677
1738
175
2961
1294
2444
2319
2
1268
633
1281
1426
621
2856
710
2845
646
2961
2811
1506
2011
538
626
84
663
1814
1789
2333
2662
2793
1123
819
1736
1167
2810
2047
2678
1702
2363
205
761
1823
2219
2927
1317
2665
2169
1432
1094
271
1888
1034
1159
776
1350
1628
2837
2661
2144
1824
2989
2209
42
746
829
2813
1046
223
1203
2241
2436
696
1966
2726
1177
2003
1451
2910
315
1844
2604
709
376
1696
1126
2476
1818
932
2266
1666
2161
409
378
2024
28
1130
2628
2529
1050
639
1404
1956
503
973
2477
1178
739
28
1418
1057
908
553
1892
2315
2862
2001
1463
1802
1911
824
13
363
2240
402
2364
1746
2321
2674
1213
752
2173
1286
970
1491
2211
1390
2194
40
606
1744
2627
2275
2053
810
1505
1830
1329
2545
1209
1099
825
1245
2410
371
2696
959
2705
2104
1556
1436
2854
2586
2283
378
2863
2114
872
2144
649
2487
1027
1985
1451
2298
2195
1295
1991
271
2714
2396
976
2237
2490
2006
2854
293
1444
1672
1538
286
2753
1810
2306
717
756
2308
498
2973
1808
1021
325
814
2692
2666
2276
17
1381
181
1025
2602
52
2361
1366
1312
1541
2148
2179
1638
1831
2235
996
1280
2513
224
2987
2918
351
2196
2437
1319
1521
795
2750
626
43
284
1947
2005
2257
1124
2715
2454
2002
1501
2487
2231
2603
2509
755
500
696
490
2141
1318
185
2293
2436
2992
74
94
1142
2616
2408
2286
1775
1213
2802
453
2616
2430
575
2762
2625
2571
2252
2005
2258
2269
1129
315
2171
2293
2034
2452
970
1432
1837
683
1500
2198
1846
1595
1170
1621
524
2859
737
603
172
2539
723
2114
961
936
2334
1192
2777
998
1494
2874
2626
152
1305
1226
114
1568
2578
284
2046
2108
1449
1764
1989
2687
1647
608
1595
2963
2651
2263
1839
1516
771
844
1888
495
2311
420
380
698
269
1039
2094
912
1387
2488
294
1281
2011
2798
1823
1146
962
2734
993
1378
1881
1195
873
1240
2443
1591
2273
81
1801
570
2638
2641
78
269
1335
2819
1262
733
1661
1130
850
1622
1861
1001
811
1333
1244
274
2626
1388
1159
72
721
981
2313
748
2772
398
773
2395
2185
1232
705
616
382
370
988
2994
556
1819
2761
647
2532
2109
2669
2567
430
2433
553
70
2962
6
2409
2019
1502
1021
2413
1535
1144
1669
2192
2488
1611
476
2478
2433
709
1280
1807
1663
632
2326
2113
1517
272
2723
1400
750
637
2479
2098
1656
2781
2896
2923
218
1496
1007
1102
258
1514
2622
2973
981
201
1092
2737
1433
2549
1978
798
569
2509
1276
1409
2212
755
1925
1825
1722
2504
166
2818
1699
2220
2691
995
1791
2004
1738
783
2044
441
2270
1402
800
1854
185
1373
1428
595
1727
2814
2208
757
843
797
1374
321
444
982
290
2207
1566
2197
911
306
919
79
372
541
2181
1800
2806
619
1076
759
128
2251
1265
2288
575
2982
695
155
2917
497
1451
1428
2348
1832
818
2260
2213
1570
1883
719
2351
2439
2037
741
307
573
280
329
1837
2056
2720
1996
2406
1527
2177
2067
1016
2174
2015
29
2959
989
2529
1490
2711
1915
1076
1606
1825
332
988
2934
224
2855
2169
155
2256
2290
767
1954
1407
2485
617
2855
372
1227
1307
2574
1032
391
674
745
2861
2084
516
2947
1453
788
2452
1286
1528
1616
1965
520
681
374
242
2110
1496
1061
475
2582
1364
1372
2960
2644
2665
2727
2399
866
1514
382
810
2450
2610
314
2251
130
2141
2683
627
535
1396
2250
2285
1007
347
1183
1373
1762
2554
2883
682
19
761
474
2124
1924
653
1038
1153
871
347
1014
2717
818
1174
2152
1244
2241
260
211
2325
2545
1989
2720
1093
2651
2796
613
1606
869
545
1023
1036
2293
1683
2058
600
5
810
2366
1259
402
1506
901
2405
1660
990
1499
1138
2026
624
2513
2787
745
2472
1147
1974
1422
2716
1066
401
2980
1606
1247
1285
729
2566
1775
2572
50
2852
914
1596
2711
2526
1282
1081
312
2689
2432
2547
2966
2179
1336
896
2306
206
2044
203
2556
1016
1985
2230
13
1823
2735
2163
1969
1712
1443
1510
2493
1124
1925
90
1794
312
2489
153
1129
2389
2792
977
1543
974
1644
1085
2969
2680
52
2567
211
2136
1215
2271
937
595
2242
2849
2192
485
570
2853
2525
63
652
2426
2825
1547
2119
843
1509
723
2376
516
2045
2488
2299
1823
2403
62
617
524
2771
481
1721
1697
2994
2109
479
1961
1060
1674
750
403
1602
1811
1693
554
2077
2924
754
2713
2440
697
2193
913
2445
2487
2303
2504
2631
1233
1921
1627
2869
1657
1419
2540
2397
1481
1114
350
2166
2183
1290
1776
2439
2352
835
1385
2258
200
648
1407
754
896
787
325
2844
492
2725
2554
1433
1257
989
2755
938
2410
2713
1336
503
1938
2121
766
2537
349
2922
499
499
1657
1975
602
1509
417
215
2787
1476
526
1198
2687
192
1205
2297
648
1684
419
1474
1077
2810
1246
2923
12
515
2502
1906
584
1924
365
899
1480
524
159
2083
1693
2627
608
2619
2148
849
2044
1484
1737
2102
1457
309
2879
767
589
2789
1121
1221
2916
1322
1333
1600
418
2870
695
2895
2319
749
166
652
1262
1128
2543
1124
391
2534
295
2981
693
2675
1783
398
1236
2012
1667
2120
876
1028
991
640
1861
965
141
1939
1337
1023
542
718
1241
2573
253
511
119
1875
2991
241
1835
2729
1921
1629
175
319
2497
2013
2798
2598
2916
318
1017
1843
2187
2847
547
2914
1476
2357
551
2246
2105
1997
508
99
434
933
2262
323
315
2193
2525
444
1626
2283
929
1386
2567
1641
1295
2209
953
1053
1859
30
2815
874
2518
1505
2063
1731
504
615
2938
1377
9
316
2564
2664
2010
645
320
1351
2780
1866
779
2338
2936
2402
2838
1749
965
2491
718
889
254
2589
869
2669
2410
2922
122
2697
2982
276
2861
1668
2251
583
1736
269
1280
2816
466
676
1109
896
971
2609
1002
1424
727
1091
2253
1937
532
2162
395
2629
1886
2610
58
354
2709
1078
754
1164
1243
2288
899
2355
889
2068
1990
1659
955
2186
1517
1827
1198
2670
983
854
1559
78
619
2740
1034
1100
1659
2390
200
2162
1081
1482
2876
2099
1864
2395
2703
111
597
692
546
257
688
1707
74
325
868
2590
1028
443
2640
178
402
740
912
2493
258
183
2071
958
2136
266
1614
910
2253
2878
2645
1915
2400
265
1306
2774
1891
1299
2954
153
1273
1940
334
2288
2483
941
707
580
2998
1269
2072
172
1417
913
482
641
2638
304
718
540
1013
64
143
2813
2372
564
2246
1378
2712
2228
2481
981
2999
2678
595
776
490
1639
1328
2249
43
2534
655
2451
318
2184
111
355
2489
2954
2564
298
2846
1517
1872
2533
2402
1166
2430
2677
218
2827
2382
1694
2554
2025
2590
1503
2070
426
61
2320
2684
1153
1302
1750
147
1610
2752
886
2356
482
1472
2632
2036
2959
1970
1981
2590
342
1201
130
1305
2299
2195
2492
260
203
2659
1969
1283
2903
324
78
1022
190
1901
905
347
2021
1947
1516
976
90
91
2932
2982
2332
2550
1309
1831
2945
1605
2512
910
1286
2040
924
1468
456
872
2500
260
1421
396
2428
2423
2180
2552
1388
680
2100
1194
1029
541
915
2759
1506
927
1170
1691
693
1540
1757
577
555
1028
2102
1882
1886
689
898
1872
2135
271
1063
221
402
997
2633
2677
949
1635
2838
236
146
1709
2787
950
1142
1472
1542
2084
2180
2038
172
756
1109
363
806
1087
91
1046
319
1059
2545
2417
614
2333
1829
59
1682
1356
2527
2688
1157
1370
1286
628
919
1813
2941
2200
2002
902
748
292
1924
2216
764
1623
1925
1753
2253
1474
2119
648
439
767
1817
1838
1545
2590
2880
1324
1779
553
2693
2206
1088
2717
1356
2151
2915
545
80
1207
2789
2107
2930
146
2192
1271
2301
939
1613
2170
1368
1440
1084
2771
1581
775
1702
1141
71
2564
1294
1427
1411
2310
214
913
2221
1091
49
567
458
950
2479
434
2061
2161
1797
1650
1115
970
1277
2948
2444
774
2006
1642
1125
1504
655
18
2003
2946
2779
2470
552
511
1721
17
1373
2870
1516
2065
1329
1181
2974
2341
1958
1159
2732
2855
1191
565
71
2828
2108
781
527
2425
1462
308
1798
1992
2706
182
1434
2149
825
656
2529
1297
2468
1530
1576
2202
1158
481
540
2837
2947
1586
2469
2108
1086
2898
534
2387
691
1845
1039
2758
330
22
1344
1576
307
1438
2454
1615
2830
1206
439
2487
2074
2784
2220
2229
1105
1042
2695
234
1434
2855
1222
2267
1548
782
402
545
1466
2768
2151
2920
337
2015
2030
2856
1284
1066
1276
1498
1664
2102
2523
2595
1798
2106
845
466
1965
461
2075
2507
187
930
2624
2690
2541
256
1542
1183
2118
402
1298
20
2515
2490
159
2712
25
2200
896
42
2122
1146
1312
111
178
2898
568
53
2757
1855
1353
922
2506
2730
2004
691
1985
1051
2133
1192
378
2440
2298
2697
1964
2138
1692
332
1115
1155
1787
272
682
2709
1645
2094
1994
2170
840
2365
2600
916
1910
950
444
1533
2834
2058
2782
489
77
588
1622
887
427
2269
2556
2686
1877
2448
189
1231
1686
2876
1688
2542
246
2307
2647
439
1245
1229
2345
320
2075
1980
2323
165
1080
324
1220
683
851
2953
1987
1704
2755
493
848
1359
312
2586
2552
2512
381
2613
2516
164
1342
514
2347
2919
1208
1579
2402
2936
1047
2033
300
2659
2119
2496
709
549
2381
2946
320
537
172
2238
1973
2348
2205
599
286
1180
2311
2603
2006
1709
1646
651
2640
2504
2311
1249
3
1181
1847
2613
1307
676
2498
2217
1665
1747
1488
606
572
647
1918
1011
745
1321
711
985
849
614
485
8
1591
2688
1924
1491
2927
1669
2288
754
1616
1355
833
2735
346
2306
1942
1426
1232
457
2102
425
526
929
1633
1767
1012
2753
1765
48
2366
180
419
974
2633
2339
1907
2415
149
1915
2162
572
165
2707
2167
327
1083
811
1142
22
597
1656
1125
2813
1640
2416
1843
1619
1437
1303
1121
1752
1620
1213
2271
164
1142
1757
120
1023
1966
271
356
1029
2326
596
2081
2374
2863
68
1568
614
2024
1856
1673
934
112
700
713
2547
2380
2099
1531
1826
467
2278
2280
1453
733
409
1774
126
1718
420
2332
2486
2701
1929
272
252
982
876
578
2302
808
2716
730
803
953
2209
463
715
838
2955
997
804
1074
2211
1053
1961
1088
2069
769
1602
1108
2284
1585
217
2649
1897
362
7
242
1090
2741
1388
1674
391
1919
2603
2995
1290
392
182
775
2087
1736
2012
1178
1773
832
2037
2516
2507
1824
1274
2209
2985
465
1729
1546
1837
1142
678
2957
1097
842
2935
1288
1040
2936
423
1568
1648
1284
364
2291
2961
2161
1333
642
2221
1997
1452
1628
767
2350
2681
425
1252
2743
936
1305
358
273
2197
2918
2374
2614
1071
1075
456
682
359
1779
2332
2503
2006
2273
68
901
1113
2505
1091
740
383
308
2856
162
1281
1344
748
343
2306
492
2049
2892
2673
651
2465
1227
2261
1145
418
19
2843
2720
676
861
1415
2042
108
2302
1658
1929
2620
1863
1219
