2826
1252
2161
5461
2515
3214
3092
1600
2357
1018
2454
2621
4552
4810
1559
3811
881
413
5045
2161
4021
4217
3642
5068
3828
1281
4659
5284
600
5043
1915
4162
1667
4756
1436
3694
5902
5905
5916
4817
1380
5110
4600
1837
3793
27
3576
4835
2509
1155
3468
382
3806
3033
4858
5980
5639
1910
631
566
5587
3171
3903
542
654
221
865
322
1218
3951
4327
1259
5179
297
1397
3500
3444
3004
1130
5564
3842
2508
1457
270
710
4172
279
1753
4737
3223
2278
4931
329
2226
5406
5862
5639
5762
403
5111
5246
207
4340
3144
2509
5578
5547
5693
766
2066
4612
913
3322
4702
685
4593
3970
2343
1498
367
447
4544
813
471
4108
3578
3401
1165
5107
3213
2671
1611
954
5788
3921
669
5019
4355
548
874
1234
5367
3211
1342
4013
4382
761
5711
3238
4998
5252
2184
4356
4437
3797
3091
429
419
4683
2740
4110
2417
3936
4805
4393
5727
4773
5659
3846
4508
2728
3409
4702
5952
2082
5667
3827
3093
273
962
2791
5192
1033
383
5250
5446
4839
3185
4823
2252
2431
5572
3866
3897
3699
3255
1339
5095
5453
1165
5784
3060
1287
93
4534
3062
3487
1950
461
3281
2710
914
4391
2921
5113
4482
2269
586
3171
5619
4326
1245
2028
2785
5005
2570
2151
3033
5984
3052
2321
2943
940
2067
4002
1876
4482
102
2564
3074
5971
61
4786
3173
4985
5905
5198
1382
2195
2995
3727
4514
5164
2596
5876
2116
1149
4207
2605
1275
3864
1210
4819
2675
2552
5566
3170
3517
1687
2807
155
1356
226
3020
2884
4449
1058
228
4801
986
5230
2687
3192
3130
5209
2091
680
3164
858
3183
3920
3356
2457
3386
2716
3008
2545
738
1456
3350
4801
992
4345
3928
1167
5841
1464
5255
3082
1782
3060
4810
12
5532
2382
2312
3337
2226
5944
5182
124
5761
3359
1547
749
1544
28
3137
5188
4308
1737
1724
3529
3140
4349
5120
5730
2874
1447
4872
893
4278
4815
2096
3823
4474
3733
2564
5792
4409
2694
2723
3118
3052
872
2145
3668
2444
5594
1001
4751
3882
4181
3159
4568
5735
2616
5952
5154
4160
5868
5548
5079
3098
658
1901
4601
4180
5571
4785
1691
621
1657
5120
3749
401
734
5366
1432
3660
1455
1294
1752
4686
4530
3436
635
685
1984
680
1350
2447
2378
1862
332
2573
3043
5587
5478
5088
2461
2080
2434
4635
1093
2798
1819
4328
5062
3569
2533
2072
4154
5023
2411
1173
2757
1802
4750
30
3931
4973
5650
4278
3822
1256
2637
332
2985
1414
4829
5880
1136
1246
2126
4164
869
3925
4999
5656
2676
3239
2756
1412
1769
2988
3134
2512
4839
5799
5004
1806
1512
1740
4578
945
5951
3704
3308
3604
2921
4940
2216
4781
3324
2211
5141
4606
2938
3851
3899
5660
2050
2856
1614
4780
1282
5977
913
1233
704
4600
1652
4108
180
492
2543
2060
5927
4365
726
2262
4461
2090
2539
584
4991
2486
1139
5065
3900
843
1018
5996
3742
2601
1465
407
2440
4732
11
2028
3355
3378
4124
554
1573
3172
567
2733
3370
4920
2974
5174
4779
4914
620
5482
5162
1791
5940
2213
2163
5179
4055
3898
2530
1651
3234
3545
963
4558
3750
826
2151
4414
3450
13
1469
2104
3526
5979
3698
280
5219
4488
5321
4099
32
320
3596
3483
942
42
2777
1764
3633
5360
2543
2367
1247
1681
1716
3139
2059
241
1816
5497
579
4463
1449
2736
3435
4681
83
4644
2873
2819
5960
4420
4578
3032
675
4778
4017
5922
2431
636
164
1842
3158
4867
4182
3700
2287
1090
1311
2532
1586
3563
2613
2117
721
3191
2417
2845
3629
1952
4012
1205
4177
1854
3202
4391
3503
3262
57
3500
4308
2820
628
4688
4273
3209
5575
4891
1377
4468
254
3682
4691
3480
1658
4474
1153
75
1857
1946
4414
62
2607
5540
1535
3578
3384
1928
1028
4978
4379
181
1420
3085
5590
1926
1036
2966
988
3242
614
4368
4301
3801
2514
2367
3280
5036
1713
3087
4906
3646
1284
5892
2295
534
2469
2466
5260
2535
2261
3662
1504
1342
2339
4480
5091
4986
5410
1579
1983
3131
5657
2689
5941
1847
488
4650
2209
2968
2597
4652
2511
5855
350
4045
599
206
5833
2785
5421
3500
4426
3341
4380
1358
1424
2080
3217
1006
5875
1339
3171
3397
521
4289
2309
1845
5602
4598
3621
385
4816
5510
3356
4281
5098
2037
2842
2328
2746
4678
1042
1263
3492
5300
4582
4822
321
2372
5410
3611
4925
1857
1708
4381
1978
4148
5401
2380
771
5438
805
3805
200
5272
1844
4470
5714
4124
18
3090
5464
4515
766
4190
4989
3894
4948
4898
891
4970
3534
5472
800
3896
1335
1727
5672
2772
3449
2115
3715
5365
4033
2525
5524
3013
650
4738
305
1246
5215
539
5317
675
2887
288
5688
2374
2138
4558
56
3244
3573
4908
2650
1517
2477
435
3255
4590
5815
3152
2307
1325
5907
3703
5308
5523
3685
755
4131
2849
3831
3580
273
3546
2052
4017
5376
3366
3869
1524
4951
1132
2371
4969
3529
1385
1546
1442
2781
3935
696
3333
690
3149
2102
1811
5179
3590
4331
4418
3864
62
3778
1254
2434
4343
4518
2897
2538
4219
1643
5474
1523
4828
4107
2720
4223
4639
5968
3174
5866
2817
1776
3542
1807
5652
2328
2335
2780
5974
4996
5285
2455
2472
4204
237
4190
3164
1830
4438
5576
273
1035
478
3068
2028
1067
3519
1922
3265
834
5530
1251
3826
5271
2032
5847
5762
2280
4697
796
2595
3070
3738
3340
2348
4774
1212
2976
5021
698
1071
3022
3095
3279
1878
437
4832
2762
1879
4972
2565
5431
3972
2184
3955
743
479
3065
4393
2371
5066
1005
5776
646
1487
1626
1999
1597
5388
1551
1160
1280
4261
5204
2502
2448
1407
1770
5279
4694
5578
1940
2814
5307
585
3598
1046
1759
657
1518
480
2439
2861
202
3286
5148
5411
2679
4789
5555
1530
59
1946
5770
4592
2129
4654
3660
4549
3162
670
5097
2970
300
5851
4936
1060
1988
3083
3901
2035
4751
1455
447
5998
5617
221
2763
4219
445
291
2495
886
3998
940
3479
4500
5080
3154
5223
3911
3129
4118
4655
1797
3143
5118
3074
2004
100
789
379
2478
599
2439
484
845
5950
4466
412
1871
5189
3914
3978
2975
3096
3260
2779
5608
5
5632
5012
1885
3298
2797
2585
3102
4150
4799
2788
2289
82
2284
4546
776
4865
643
1129
3346
4127
3965
5269
1025
5127
4025
4913
4251
104
1346
1931
4273
4294
5290
339
3213
1317
2504
5370
4867
3735
1468
4167
979
1437
3586
3843
5769
3281
425
529
1444
2704
5641
5828
1547
995
5636
1793
5661
1389
4826
1808
4906
664
1170
147
1163
3222
5750
5412
1684
93
3262
5270
5852
1028
1686
408
2298
3333
850
5535
4181
921
4288
1807
2514
588
2837
274
1922
5689
2147
3388
2809
349
708
5814
1149
4985
507
1410
280
2538
3120
5492
2949
2696
841
1483
383
862
1685
1133
5736
5763
3389
2849
2890
1714
5838
1017
4713
5399
5978
3967
5330
3084
2846
2378
5505
1528
1894
5875
2750
3761
2956
4147
4064
5402
3792
3526
3488
2638
1412
1210
1426
5
4479
2049
5876
916
5790
3567
4661
5015
2264
3331
4963
2386
3776
2012
2399
3893
5851
909
2670
2596
1338
3975
2318
2813
3291
1196
695
4748
4508
3092
1854
2064
34
4566
3002
4855
3930
4052
1891
551
5066
4671
1142
3244
4836
4792
2405
5627
4559
3674
164
1907
259
5117
839
1324
5491
5200
3364
1475
2454
2408
3602
1471
5896
1181
414
4664
2368
2365
3879
2306
991
3070
2359
5896
1229
2146
4164
1755
5185
2432
2941
3116
4540
5724
5163
1718
3617
2098
1602
648
1086
2458
534
3311
1198
273
3454
3245
3312
707
922
4855
5936
989
3513
5441
2538
682
5046
5261
505
5088
308
52
1382
57
675
5080
5344
594
5618
5721
3093
4486
5373
498
5549
1940
89
2467
5450
5330
83
2920
1037
4229
2984
3224
5288
2955
3670
1352
4455
230
1249
48
4706
4937
5756
3788
4144
4455
1582
930
230
3995
3414
5707
4759
4487
5506
4228
3429
3856
2687
1264
5881
1686
4428
5122
2012
2001
3711
3233
5209
2568
277
1710
1165
2841
4676
3652
2988
175
4259
4584
3536
882
1849
1807
1094
5338
5140
5026
4047
1566
1225
2145
589
4896
1602
4025
5040
1223
1400
5749
1782
3768
151
2532
1340
5988
173
5326
4236
4260
5589
634
4272
5350
2826
3620
1122
3441
1853
4989
5051
453
1211
4196
1521
678
5402
2034
3005
3378
4502
4162
1338
1184
61
1992
5926
2885
4693
3997
2070
755
108
1816
3686
1277
3824
6
1373
5390
1406
5854
899
5390
2067
1793
3040
4341
4086
5786
958
5191
1103
665
2870
2951
3511
3676
4328
798
956
4721
4494
1934
3
437
3343
580
1928
2170
4514
2651
98
5002
4486
3110
4397
122
1049
5597
2542
608
5085
4319
2688
4866
3467
3461
3001
220
3325
3715
3201
5582
3617
2166
4802
4267
2972
1949
1590
4892
343
2006
1501
5747
5300
3452
3142
3596
348
5245
1760
4887
2515
2693
1315
1035
5136
4167
1956
2798
1028
3394
3074
2868
1181
2803
2297
3906
3651
917
1818
1452
3267
4890
4261
5842
5543
1122
5109
5807
4389
2798
1063
898
660
3725
4064
943
877
4821
5015
3751
321
551
4543
5003
5841
630
5749
2870
732
5074
3676
5953
1236
862
5533
5590
1787
5208
471
2615
5360
4884
14
1241
3777
2722
4779
949
4390
778
1476
3826
404
413
3605
3874
4889
31
2961
272
984
3360
89
3383
1950
44
5823
641
5626
1137
3048
1671
265
5489
2799
3884
3694
5765
388
45
3061
5223
109
3992
5536
3381
1907
5876
2657
3068
1847
4832
5205
597
2301
5470
396
3886
740
5264
67
905
431
5175
2396
1301
3550
2300
5362
163
466
4130
5011
2008
4689
3636
1757
891
5574
4818
4559
3252
4756
4770
2695
5514
1156
497
334
3326
3197
1461
425
2905
3941
2846
4570
3603
3237
2078
4252
285
347
4093
1840
5844
668
546
4790
264
5608
5814
1877
3695
1362
5156
3188
5937
2859
5623
3073
5054
4630
1110
3878
2148
4265
5208
4425
5298
3311
2837
5113
4759
3237
4523
1574
3954
5302
1978
1272
5050
5419
610
5667
3046
5568
5587
5029
853
3755
2024
576
5454
843
4275
4236
1639
5640
3866
4405
2091
530
3074
1685
305
2336
171
857
2430
2058
5730
3532
4112
4281
71
1412
5508
4893
2824
5328
3909
4664
1650
4571
4930
4743
3005
422
2920
5370
5477
5629
1232
1079
5485
1731
1461
774
4747
4481
3627
3241
1472
4484
3766
4038
2766
2409
4749
4667
170
2288
1616
5381
992
2382
4884
913
3578
2005
871
3407
2224
3392
4186
3762
4628
5652
399
5176
633
3068
1974
5389
3325
1325
2724
4402
3125
5732
5746
1528
336
5384
2362
3748
2053
4689
1517
1532
3261
864
4998
4597
653
3762
4619
368
3546
3184
3325
5069
5049
2251
324
3968
1682
4245
4693
5713
3009
2173
34
2818
5305
47
2000
957
424
555
2567
3076
2210
4748
4526
3113
1805
3512
5997
807
2971
167
1732
5494
5268
4066
535
2896
4681
660
5306
3905
660
2555
477
450
3243
2380
2705
4389
968
1149
5631
3159
4742
1731
802
4922
5777
997
450
3085
951
2173
553
4496
2766
2594
3909
1552
2879
1221
3414
391
5879
4198
4942
3132
4478
1147
5261
3478
2860
1797
1803
4672
27
3761
2027
2303
3917
4568
3146
1682
4987
3614
3012
2940
5741
2279
3329
3127
3820
1662
3417
1065
3638
1451
3417
3292
2353
504
3346
3942
3530
263
2021
3317
5372
123
2179
1286
2515
680
3756
1738
3456
1552
3413
162
1048
5016
1325
1720
22
346
5330
3104
5549
4515
1178
2380
2759
302
2395
5480
3398
2813
3374
1247
2790
1637
2562
1452
1325
5558
3544
1128
1142
5454
4932
729
5861
1725
535
1401
1535
5193
1099
3128
5246
3459
817
2543
2394
4326
3318
25
2530
306
1838
2342
2048
2755
2304
2092
2438
372
3496
366
4539
334
5217
2677
4886
3281
1138
5722
61
4814
2824
3888
2840
3916
5775
5814
4341
5828
245
233
5457
4977
3603
4610
2651
2205
3256
3928
2292
1245
2754
1526
5540
5668
3395
5262
2357
4612
1591
3942
331
2458
5918
4510
5125
4013
1736
2160
3676
5558
3658
1777
2925
3852
3552
4219
2332
5765
1447
2465
994
307
3140
1596
5306
1926
1166
5103
2536
4124
70
4952
1827
3402
5770
3465
3777
550
2830
3397
3839
3726
4794
1493
4142
2775
2789
5591
5137
2772
2183
2391
3473
5561
3446
2860
3038
5332
5417
1266
798
2225
4590
1653
5161
5118
2437
2384
233
4584
3022
1454
1123
3331
2192
5743
5237
3519
5562
3847
4196
5621
5726
3006
5064
2221
591
1758
5623
3137
391
3989
4048
431
886
3487
2713
3381
2442
5924
5832
610
2878
1287
5420
2174
1281
1505
5986
5656
2003
182
1640
5292
3
475
4965
1889
1020
5617
4187
812
4900
818
4570
2327
5789
4478
5005
5662
3553
5905
1551
4848
2072
4126
4544
5751
5582
3314
3701
3372
3618
4537
4809
886
3828
606
1441
4303
2916
421
4534
3315
3625
2631
2774
4598
5186
384
3152
1770
3718
609
4537
5655
5102
1005
5516
2291
596
2969
3704
3278
1506
5217
1790
775
3354
2878
4569
1723
4945
5154
5618
1738
2024
3654
5359
1212
2573
1725
5151
2672
4804
1912
1494
1258
5668
3826
3253
3079
4305
3335
326
826
4592
811
2575
5965
5636
987
4306
2784
1134
4963
1018
1538
5840
2935
5282
81
2564
3041
2762
3411
4338
3621
3221
2836
5551
5936
1865
2109
3026
841
1215
2812
725
536
2826
4317
5752
4607
85
1365
2339
4258
5439
315
5457
4595
3974
4688
3319
942
4620
3318
4113
3578
5475
3642
3454
464
3697
3953
1921
4574
2300
973
2691
3129
72
3818
5808
1392
5971
1076
5693
5562
2523
3595
1372
4624
3789
2653
1664
5966
2166
1283
3342
5610
4758
748
2713
5342
1243
5386
5191
3168
2855
339
4806
3802
3337
3032
3124
2361
3110
670
1298
5595
5817
1995
2439
3668
1368
1398
1182
456
3996
3337
4602
3189
4164
705
1223
1588
3805
2004
715
2179
3463
2044
3065
3290
5354
672
5823
5848
293
164
4603
5801
2207
3576
3746
5172
3704
979
2375
3347
4936
3060
50
2100
4327
4118
969
4426
3826
748
4789
1576
3922
2521
3985
1141
4898
23
3788
614
4918
3146
155
2400
4311
4964
2426
4642
3672
5506
448
4629
1310
1099
4617
1294
1614
2305
3933
5364
1772
3588
1562
715
157
3331
677
4054
2946
4076
5330
3352
3761
2511
1728
4042
4860
5416
5594
1363
2349
754
593
1678
1478
285
2726
3305
4252
1970
352
594
4158
2720
1515
3705
2304
4190
2117
5001
5880
4441
5070
581
3564
2775
1209
4260
2683
2715
3909
4861
4022
1783
3467
5786
5387
5950
769
1861
785
2662
5190
1371
5619
5288
4465
4661
1870
2575
1376
3868
5453
995
4203
4415
5137
5516
3434
3679
3213
2419
2504
5623
1992
2813
4699
2540
2077
2290
1452
4764
2264
5024
5991
1021
669
4603
2657
3824
1303
717
3650
4944
3227
1623
2313
3253
2830
378
1034
5578
3474
655
2258
1431
3941
3833
293
4153
4119
4258
387
357
4157
790
5473
3785
3467
4666
1622
878
158
1369
826
161
53
1423
500
4903
2118
2366
1429
3248
1582
2819
5362
2490
202
3313
3655
4040
4333
4666
1844
807
4661
2538
5397
3576
3837
579
4457
5307
4676
3353
2340
982
2277
1698
5336
2826
1034
4079
2854
5274
3634
755
39
4695
3087
4826
5066
4566
5175
1968
4644
1687
4034
2838
153
4261
5078
3834
2909
2511
5395
3094
5701
5425
105
5124
5013
4924
5402
432
3321
5192
5322
1560
1288
2575
3248
5311
2552
5813
4954
2316
5029
5980
1778
2291
1056
5244
1530
4309
774
3396
5412
5849
1176
4617
273
418
711
3130
4671
3074
853
4566
767
1376
3401
3719
2465
5721
2338
5021
1051
2504
5748
4434
1045
4304
4785
1388
1631
5882
4333
4418
3392
2929
1021
379
5316
1160
122
2868
2187
5796
201
3142
2758
5852
3650
2653
2869
4646
3413
263
2582
3607
1067
2771
4643
1684
4165
932
2099
212
2472
3427
1541
223
1152
932
1322
2266
4997
5932
93
2899
4742
5944
3158
4828
2278
4588
2591
5912
2426
182
3993
4019
3231
3091
4875
5897
4578
5300
2817
5962
2482
2144
3750
2993
3621
2175
4642
1845
3878
2472
3728
5140
2729
334
5564
2422
3362
2115
169
439
3076
1749
2417
625
1159
3076
4748
590
2333
1465
5214
731
4745
967
2264
2152
3043
2946
5704
188
5139
3937
893
2663
2195
1965
5272
1616
5922
3152
5327
1334
3357
737
5535
1953
3088
198
1787
1147
1704
3191
2258
2319
3729
4990
1740
3326
980
5590
4422
686
58
2325
3163
341
5967
1723
5754
4845
3814
3668
4675
124
2510
3024
2566
5662
1143
2818
3309
3687
5931
4927
3615
2030
5977
4724
3879
183
775
3652
2514
1604
3276
2350
2913
2438
3936
106
1020
2505
4515
2618
5765
97
4162
1649
1143
145
5277
345
3489
2736
1573
5378
5651
2781
5910
1244
3579
22
3226
4789
1075
1801
5590
3478
2706
3108
2531
4784
4802
4956
5759
3205
1637
4437
2703
1858
1883
1884
4592
5499
1294
1793
2034
3195
1173
3942
3876
3037
3635
1306
5465
2144
1257
2232
2086
1599
2126
4181
2912
1124
29
3916
2976
2475
5628
5256
4370
3269
2720
1814
4104
3293
635
1153
3549
510
5027
1197
5209
4638
156
1183
2157
4925
537
3775
1568
344
253
2918
1785
3066
4944
5818
526
1327
2390
1600
2372
4865
1625
828
5196
1795
2465
4828
572
5883
5854
1801
1162
4796
5683
3832
2964
3465
351
608
4321
4943
2275
373
4021
1333
3551
3002
4521
1864
1089
4213
5635
4854
5938
1912
307
1182
4767
2860
4262
894
14
5024
2321
5514
3509
4162
4265
2628
796
4081
2749
3781
5391
703
1483
4534
2255
3130
3126
3078
368
5005
3909
4884
198
4978
2866
2469
4942
5042
2626
3705
1515
5341
635
1553
370
2578
4063
3985
3789
1766
1733
2150
2277
4988
3066
2607
396
3311
128
199
4210
1898
4421
3857
1534
5336
1724
601
5675
1960
4726
4692
3262
1470
5605
960
727
4297
1435
3135
3514
5025
4604
109
1705
4290
4261
3759
731
4824
2724
1396
2964
3270
2712
1301
402
5384
15
75
2416
735
63
3760
3076
2566
1248
5665
1644
1951
597
816
2303
2027
3451
5640
4200
5826
2934
4489
3726
5501
954
6000
3843
3692
5535
4641
3667
2766
57
3976
4530
3743
2192
1352
287
5291
5772
4540
875
223
3898
1731
4262
919
3649
1448
4487
1503
5546
3731
2711
452
1648
4023
196
5407
949
5183
5686
3060
1798
2060
3998
5711
1916
5368
2001
1591
5582
2730
4460
3728
512
199
3055
33
5051
4395
228
1913
2351
470
1050
4139
4033
4127
5912
4952
1257
925
3968
1047
440
3362
3687
1960
1836
1338
126
1178
1714
3609
2854
1210
5130
3776
4871
759
5629
4081
3420
3104
4585
5847
5600
3719
4404
2278
815
3640
4837
5192
3758
2407
2225
5949
2295
220
155
4080
2752
4080
4042
4243
2571
5672
5822
4325
1687
183
4677
5899
5404
1717
3905
1255
2282
5364
2952
1082
1540
4303
4222
260
4100
944
3194
3179
475
664
2817
4464
2643
609
2655
3075
1157
4870
2326
1000
3710
1194
96
1987
2475
3052
4396
2536
3402
3936
421
612
5591
1060
3137
695
3979
4028
4163
5404
2565
4020
984
3023
927
4232
1327
4312
1303
5589
2165
2598
5733
5629
895
1921
1400
2702
2296
2053
1387
4337
713
1308
2514
3167
4608
4624
838
5786
2203
104
1217
1895
1215
5966
396
4167
4725
790
1137
4081
1427
1675
105
1619
4360
4929
2506
3658
4923
14
2342
4502
4773
2883
4684
4501
5377
1786
1209
1591
620
3343
2977
1808
5380
1185
3740
2788
1909
5459
3095
2443
471
5655
3931
485
4251
1368
4348
1038
1392
3136
5791
2843
5869
4684
2936
836
2710
3301
2114
4246
1828
4117
3834
5468
3156
705
1859
4211
938
2757
4373
3544
5435
3275
2079
1670
1289
3786
5026
607
3255
4696
4930
5699
5076
4371
359
1347
3481
412
3597
3445
3560
5566
1586
5357
1566
922
4034
5277
4437
448
1964
1014
1015
4842
1626
4314
141
5778
953
1406
2284
2196
2333
4841
1532
1346
5441
5592
3092
5007
4129
4739
4
3081
681
2059
4797
946
2460
2886
1259
4898
2834
758
3574
1576
2633
1880
1187
1230
602
5369
3744
2950
5968
5876
4591
4354
3684
4250
5931
833
1616
3635
3925
1900
80
3115
3849
1594
400
5805
5186
1779
3823
2321
3938
4163
2374
5975
301
4241
3692
1730
3646
5901
3896
5252
1356
5756
4506
3062
1931
1044
5254
5770
5895
3623
4731
1501
3419
1137
5820
4352
3500
2491
4254
2423
2697
1873
5871
4389
2292
233
1219
3144
5045
2927
4274
1029
2812
2821
1167
3298
4586
5407
963
3021
2705
1796
3810
1087
274
3101
1831
2431
3317
3213
1929
5016
4719
3950
176
332
1871
1295
2292
342
2705
3593
1762
5366
4090
4441
4543
4801
983
907
5146
2658
4651
805
3683
852
5688
4381
86
5385
2786
4349
633
5112
2288
1973
5924
4884
145
2733
4238
446
4390
2304
5063
2635
4983
1652
2930
5730
4754
2839
3400
3304
5289
2526
1001
4821
2903
3905
3992
3737
423
5315
5256
2654
4511
1833
1393
3299
3797
5581
4544
4610
2835
863
1434
280
494
3395
4915
4979
755
5159
2703
1884
1763
1068
204
1879
4469
1496
155
681
4758
5377
1540
887
2036
2511
1533
634
1309
4112
515
3413
1779
225
2718
642
75
4562
313
364
1563
1127
1862
921
2176
4911
362
2479
4973
883
2130
742
5187
176
3353
436
1798
4937
3875
4041
4751
5364
1765
5728
5073
1156
2743
5691
5530
2501
3087
484
586
2005
5175
4416
777
4264
4327
1934
5048
636
4501
1596
3672
4165
3026
3173
4461
1037
981
2440
3159
8
4104
4055
117
4866
5583
5764
410
97
2240
3193
4016
2729
5657
4878
2973
4263
1404
2598
3046
2551
2745
3426
3360
4048
670
3820
564
19
3689
3595
2544
3170
3215
2158
1063
3771
2534
2688
768
3098
5811
707
3738
1782
3720
5529
1976
344
103
5901
290
4252
1055
5927
5566
1316
2376
2445
4533
5414
863
3943
5665
1675
164
1704
4037
794
3926
3559
4954
4580
934
3033
3061
3683
4880
4561
5745
4141
5437
3287
658
3599
4891
5480
1520
308
1960
1
3294
4961
388
5291
5719
1827
3371
3194
5722
5290
4662
1542
283
673
740
645
365
3327
1701
5265
1327
3434
4579
3775
214
2662
2458
2576
5541
1419
5682
3711
4962
1375
4559
5105
2569
24
5168
370
5510
1069
1183
785
4528
4777
2484
3702
5289
5438
4579
4219
2111
2147
3296
3815
811
3738
5088
4582
363
4686
3653
3405
4104
2003
1018
525
2581
5961
1146
2043
944
1684
3914
1101
44
1029
3161
5867
500
4407
5723
612
5142
3469
5303
1499
1158
4334
2956
614
5542
1451
564
170
2812
1002
5994
2288
4177
1055
1586
4879
470
5855
3835
2078
3157
5053
501
4689
3421
897
1273
5519
1901
5271
4448
1675
4268
4183
1413
3163
661
1883
1933
81
4872
977
3487
3842
1893
540
2819
765
4148
4750
4712
3239
1435
5333
2382
4978
516
1424
2686
1223
1
4562
4058
2569
3031
1271
2494
200
1109
4648
3398
566
5196
2424
1014
3653
2713
3737
1342
2721
5287
5017
3700
4093
452
300
1554
4657
1411
2238
2325
4841
110
447
2942
1371
2320
5748
2090
2507
1825
2575
5892
3803
4413
5289
4802
2790
126
3483
3103
3775
2241
1183
4161
605
3595
3505
1899
5521
4483
3331
2717
4934
836
3922
4655
2382
4744
1342
1023
2800
3855
2048
2520
5937
4554
4444
2637
4769
5720
1722
492
495
4895
4634
1963
2468
3344
5353
2340
41
784
2842
4303
4427
441
3559
216
2258
148
2777
4610
502
1217
1406
4705
5766
532
471
79
375
4442
4150
3685
5193
4815
2693
2141
5006
154
5428
5799
163
4067
4455
2656
4987
2112
2168
5382
737
4515
4610
3255
3326
359
2210
3498
4490
819
4138
2817
384
4163
5816
3185
3505
3127
4918
5109
1615
3610
4087
3933
312
1705
2881
5147
5797
348
5342
563
2322
5943
2481
2611
2367
3505
4414
3469
971
3409
2579
2184
1944
4772
3402
1980
1967
3759
568
1683
3638
2568
3116
3851
2145
2609
5331
3099
3028
1511
4571
844
4539
1904
3140
4532
3195
265
1095
719
1828
3546
3653
3107
5675
4570
5775
2379
4572
1790
4949
4651
5005
737
4354
4605
4028
135
178
505
3283
577
3299
2997
4268
4742
3248
2443
4458
2848
2525
2631
2638
4205
3568
2582
4544
4519
629
643
5980
5775
654
1856
1677
4573
5481
4178
4858
2278
2298
3262
1149
5972
4676
5703
2234
3841
5161
1634
4601
3659
5685
2743
588
5161
2058
2361
187
4580
1524
3087
3170
6000
3532
3413
4071
5237
2457
2507
5683
2980
5381
3321
1190
98
747
2328
1994
209
130
1917
2293
95
2813
26
1840
4541
5776
2919
3737
2962
1315
5190
5966
285
5583
3996
907
1810
4216
5052
1452
280
2742
3835
1811
3621
4180
2549
2702
5009
3427
4955
1724
1595
1512
3073
21
2727
3893
3268
3901
3794
5050
5789
1537
3316
3716
880
842
834
3883
4254
3981
1509
2341
401
440
5217
2575
5755
242
5484
1543
2093
4252
5403
1605
1524
1281
5968
1900
5341
4337
2128
5269
1367
4688
105
5398
3031
405
2763
1992
3936
4860
333
3892
5288
4387
4156
1920
2485
3307
1854
4619
897
4038
376
2863
4084
3566
3847
4358
2397
5067
4584
3085
1983
204
5918
954
493
805
4204
4715
3172
2716
2811
2152
261
1090
1322
2659
4434
4704
5321
4600
56
5312
4542
4865
414
2329
2990
1803
5655
4858
1550
3862
1562
1520
4984
1136
5215
5836
2883
729
5058
862
2684
3357
5001
3217
4279
4330
3457
1208
3092
4130
1080
5093
1199
269
3173
1180
3393
2345
3469
1266
4779
526
1196
313
5978
373
2335
3430
4278
5694
5687
2980
3835
2758
5936
4886
347
1250
4237
3544
4881
767
5038
31
2222
821
5767
4550
5249
3325
215
5295
1552
223
3049
5060
3589
2715
804
2578
1231
4522
559
4592
3976
4597
3513
5014
1595
2021
1795
3948
5545
4292
3369
3547
3359
4572
373
5422
779
2047
1484
646
587
2989
4410
4901
5148
628
2194
3468
1033
2679
170
1314
4901
3419
3162
1412
2902
1014
2806
4586
5837
2405
5171
1795
3422
1981
2872
5021
1215
2407
1863
431
528
4648
3753
3221
833
5050
3553
4763
484
1714
688
5315
5540
2927
96
792
4219
4698
4674
5076
4353
5247
4870
105
3931
3700
4167
1766
41
2791
555
2495
3025
5556
3050
4957
4573
2829
4521
2038
3790
1354
2839
3767
5164
5886
2497
4794
1573
2241
1487
3721
3509
3382
3250
3191
3333
1843
4626
4675
2313
3943
1590
2052
1618
2929
4112
604
5318
3492
525
501
5531
103
4676
1610
670
2440
2509
2286
504
1755
3
443
3350
261
1786
5519
3754
1630
3149
2102
496
2626
2501
5246
237
3033
4221
5930
4120
4915
5051
3766
5396
412
2399
5213
5515
257
1066
1917
3399
5776
3764
2073
562
2296
3156
2385
953
377
5976
4545
5170
3669
1174
1211
1930
1210
5008
5178
1180
3764
692
3126
3071
2112
2018
3035
3937
4024
1369
4190
5604
1923
4496
966
2062
3109
2902
1956
4245
581
1566
5719
3873
5085
5006
1687
5584
883
994
5196
5433
2587
4380
1109
3195
3003
5916
501
2490
5655
1904
888
3126
5388
2816
1838
248
3732
1353
605
1157
1374
1110
5999
154
3652
1915
1413
4107
2350
3827
1747
140
1213
1127
1625
1237
5588
4394
3806
2406
786
781
1319
5914
3578
5908
3570
1906
732
567
4682
2384
1178
4681
2538
4857
1901
4987
1689
3149
5733
3562
362
3532
2217
734
3095
5988
1814
2042
2561
4559
2129
2140
2967
5041
3807
1903
3531
5035
65
5370
4527
5454
2950
4010
459
3186
479
316
5391
4029
2955
130
3530
1662
1516
2937
5372
596
3195
5383
3168
1786
741
2484
128
5817
2405
4992
3501
455
4546
3914
5334
3420
2548
5706
1222
3123
5905
4670
1880
1719
2343
5845
2015
1528
4422
3684
3164
2869
5739
2334
5463
5966
1373
1692
1010
1984
2932
5356
4351
5941
5680
4876
2212
4717
1604
5945
3545
1184
4972
76
2995
3974
2709
2361
2949
2062
5270
4177
3520
3281
3140
3820
19
190
4737
3291
2944
427
1636
3650
1183
405
3970
4688
4146
1587
3250
1984
4399
1023
2701
3670
52
1509
2843
5613
4966
1470
1892
2510
1155
1986
4539
680
1425
2408
4201
4201
902
4561
463
3982
2354
4618
1440
2899
1640
4219
1584
4802
5106
5547
323
1079
2512
5387
1439
2972
76
1052
2554
738
3317
3339
5467
2788
274
371
1745
2184
877
5099
4918
3688
2325
5797
3423
2062
3492
4665
2513
4654
3304
2487
4660
4281
2765
2765
1936
830
971
4980
920
3636
2481
5829
5340
910
1304
1386
2039
3239
628
1039
1775
820
5057
5212
2632
744
586
4277
3837
345
3679
423
2443
1432
2814
3227
4732
1734
370
5142
5316
5226
2315
4458
4671
4921
3115
123
2857
5785
282
3236
4924
2518
3163
1844
4580
3532
4925
5710
917
3379
3213
4826
4738
5892
2296
3490
5375
3046
3408
4721
3888
5035
808
918
3610
81
970
4409
2408
494
4639
2354
5786
109
2787
1161
4867
5408
1401
43
3309
4403
894
5685
3701
23
899
3171
2699
2550
5210
1773
5855
3485
1596
148
5530
418
1287
5424
1657
896
1615
3219
1666
5681
2273
5758
202
2253
5968
4096
1482
4897
1419
1238
2412
2239
770
1711
3564
472
25
374
3721
4282
4877
1917
3112
1256
3705
4697
1556
611
2010
2292
1749
793
91
1308
3104
115
2989
5840
2682
325
2475
3476
4890
1176
2011
5760
285
4318
857
616
3275
3091
1700
4394
2913
2912
2262
2960
11
50
5992
2279
3268
5353
1959
2616
5408
4744
253
3583
1687
3963
399
4881
5540
25
443
1301
3838
185
3211
3298
4855
5168
5185
1757
576
2840
2103
111
5122
2311
968
1657
1317
3096
3379
3706
5006
1813
91
2019
3795
3030
5596
5764
3310
2777
4109
2280
4364
494
1206
5427
4793
3650
5104
3273
3536
822
215
3071
1058
1576
3141
363
2968
2752
3337
3839
1598
2756
3171
2599
562
891
84
2964
4125
1108
2375
5267
3313
4228
596
3766
2701
3959
3951
5575
1653
5806
4235
588
3273
2171
5644
3478
624
3747
2216
2092
650
2065
4222
2402
4019
1528
367
1528
4233
3976
5502
4992
3279
5402
1913
4749
2883
4521
810
4252
1517
126
3707
1114
2653
5286
2559
1353
5851
131
724
1190
1376
550
1395
4071
4018
4217
1070
2064
4605
5916
5943
1320
4859
3057
5880
3800
3381
689
1293
1119
1950
1981
4684
544
4702
91
5183
2052
2465
63
1210
5539
3037
1674
508
2371
2691
283
4197
4197
4757
1250
406
3487
56
1618
5042
4872
336
4965
2766
2523
4751
4935
5029
387
1488
188
3317
3503
2301
367
4028
4009
5188
2342
1028
3318
2555
3301
2398
1622
5597
2442
4956
1696
2059
2950
2322
699
3667
4072
90
4143
1902
2581
2299
2381
1368
5275
5306
5493
5277
4698
5851
4834
1151
3672
4865
1822
2934
3960
4637
1291
979
5843
5276
5254
1287
1088
1414
5130
4679
1810
327
4461
2882
5699
3241
1442
3198
3859
4123
2118
3768
5988
30
67
753
2276
1574
4763
606
2886
4669
4155
360
1585
666
404
4444
979
1469
3723
982
1798
2527
679
1080
2633
3899
3350
4956
1316
4131
229
1491
5434
2458
364
5279
5791
3752
413
4898
2296
1543
5598
5069
46
1601
3089
3354
4284
3467
2654
3684
5668
808
2332
512
1257
5
2552
1375
662
3716
1392
1864
951
5741
612
2086
5188
2564
172
67
5926
195
4895
3423
5823
5902
771
3163
1922
3033
5197
3930
1500
4936
284
3298
5765
4524
3932
3419
2584
3788
407
5112
220
3169
3892
1962
3194
4910
5193
4429
2928
464
1856
5981
4554
4067
5331
5319
3306
5792
664
4747
1951
421
4286
5872
2793
4156
1916
335
3545
1878
2247
4431
2917
2272
5499
545
365
2883
3140
3567
3860
1501
1995
98
5937
5040
407
5199
5855
1126
4344
3327
1942
2103
2223
2179
4033
1803
1530
3639
3880
2090
1531
1850
3837
2861
2959
1590
5632
2698
4425
5785
2487
2550
3488
4636
3416
2426
994
3894
5736
649
5195
5893
3812
2071
3608
5901
3132
3680
3992
2474
1531
2346
4946
797
5901
5402
3680
3907
1137
5438
4191
1492
2198
381
5239
2310
281
680
5685
4836
4691
2335
3597
4708
2067
2863
120
1286
2392
4027
4069
5419
5702
4336
2251
1312
3318
2498
4622
3308
4545
4140
2470
3583
3787
1523
810
1834
2236
3668
4976
5673
2265
3478
5695
5489
2633
4018
4627
240
343
526
2349
5372
5566
3950
2130
1727
1568
4093
1242
259
841
1479
5321
5854
3656
260
1630
2597
3373
1339
1921
5533
5007
3013
5087
3292
4797
852
1493
5502
1074
2081
4391
2635
1951
2211
5192
3967
146
4456
5312
329
2672
2616
3123
5370
1575
4164
3907
4120
2985
3886
2141
2315
2993
3268
611
4344
1189
5466
2054
4809
5881
3356
5833
891
2484
1721
4839
5738
1424
2200
2711
238
3781
461
3345
3711
314
2541
2908
2093
1962
2337
5149
431
2104
4224
574
696
154
1509
3691
2340
4195
3698
974
2928
47
918
257
2930
3704
4004
4678
1563
3124
1809
5355
5612
1325
2857
5176
172
2390
43
3133
5498
519
3916
897
2507
2465
3807
1806
3723
2142
2599
5317
974
3101
5863
567
2410
128
4274
5299
243
5785
1719
894
3658
5396
361
2712
4066
854
1452
4597
5455
3586
5340
5697
178
703
5414
744
1138
816
64
3304
1982
986
2905
3964
2533
1353
5655
3880
5384
1920
4565
5514
519
1183
941
3323
372
132
4046
4444
1557
2972
1790
4903
1839
2954
3939
4936
771
2701
4903
5626
2867
841
2033
3494
2532
5399
3400
187
4626
3392
4241
5527
903
2628
2735
2974
1914
4924
4263
5142
887
3536
1520
5656
1614
1015
4048
3986
2337
143
1405
5391
4352
2219
5517
3859
2563
217
1380
595
1499
2177
4071
2472
5946
1375
4969
4836
1148
2109
4211
1297
1130
2583
3511
4180
871
3271
384
3736
4637
803
5398
5176
3247
2594
4621
3626
5442
1755
2221
4225
3825
3281
2271
1167
3050
1551
4316
783
2062
4489
2929
3166
5022
4373
5291
4983
4972
4957
2442
5627
2166
4868
5419
5616
5893
3729
5026
3727
4484
2485
3489
3
1621
869
783
5900
5550
1403
1647
