4610
3663
9759
4724
311
6412
3279
6483
5952
4662
6996
1341
8153
900
7390
7734
6574
9183
5021
6758
5904
3539
446
9026
167
2052
8916
7656
1983
5663
6301
7022
5278
3875
6217
7745
7741
6904
9053
9791
1608
1832
6082
4512
6187
9615
9621
8929
7165
3095
5373
384
3038
5246
3894
482
9880
4830
2364
5150
5896
6071
1178
5155
2900
4884
3958
4921
9098
2874
8898
732
3099
7802
5084
6580
981
9240
1916
7243
4894
4628
8330
6397
1785
8554
1716
417
2700
3389
3549
5190
8810
2402
452
3345
6695
7038
4575
6528
1683
6220
8228
5921
1690
6204
4339
4955
7188
990
2432
2301
122
3862
9987
1877
9210
3665
5636
8009
3005
1314
6390
9429
9916
4644
2266
3393
7135
6490
8201
1118
9459
2501
9544
5694
6203
7337
772
7555
5748
1003
1767
908
2288
1761
2940
6324
2699
9797
2736
1977
575
1432
7141
7693
6221
2352
1809
2187
650
9153
8542
7260
7405
3724
3301
2455
1141
3150
505
1117
2556
3547
652
3344
9262
4317
2727
3259
5470
886
4288
7520
5513
3593
4544
3814
1696
1587
4163
2102
6114
5073
8243
3973
5204
5310
7548
4231
5962
552
184
1578
7117
812
3744
962
45
450
545
6380
7879
6587
3120
3402
9700
4912
4337
1350
8428
1744
5722
8441
9010
481
9530
4310
9126
4472
9653
3909
9080
3692
767
4274
2073
2566
7688
475
3451
2460
368
6090
1674
4742
8581
4591
9099
8279
1825
1840
8173
3529
3370
4091
6216
3631
851
5318
821
7196
98
5198
8837
592
1662
9245
7553
8926
9701
3109
7940
4887
9055
3512
8917
7302
4979
7183
1089
6047
7314
7748
2508
2322
9800
6517
4646
5912
6229
5464
1336
7133
6243
6854
5724
3285
6815
3887
2576
7560
1318
6927
6995
3782
5641
3296
1344
8522
4917
9002
7557
5075
2191
7478
520
9134
6170
577
5692
8730
3923
7961
4993
7705
6162
5768
3698
8822
2071
8176
1113
661
5144
2787
428
171
4051
1098
259
7670
394
6100
32
6610
7127
9474
620
2769
5539
416
9145
47
3801
5256
2233
9449
6837
5408
2666
9508
1830
5019
9661
5666
1022
2878
6144
8197
4451
9652
2690
2049
1642
5481
1704
7630
7168
8774
9595
6835
930
3410
12
9208
9326
6233
7315
54
4376
3178
1427
9272
6084
4053
5623
5557
3658
2499
9487
1735
9162
5882
2451
3807
3047
2563
329
4958
3504
2643
401
9285
3440
8275
7829
4849
9622
6651
5486
7848
4774
6779
8058
7107
2565
6486
5433
8725
5639
9358
4940
5043
2954
4767
5808
7457
2518
7081
9231
7310
8227
6802
7173
365
3347
6164
9778
1012
7136
5879
5857
4997
3893
563
7103
9033
3543
3194
2130
2466
5903
4046
7115
3945
8200
5604
386
9672
7348
8665
3189
169
8612
5380
7809
7465
1888
5308
319
6665
1722
5344
2963
2024
5028
9139
3636
86
9723
717
7474
6805
9926
7606
8622
1594
3249
24
5591
7040
222
7178
7201
8063
1067
4915
3639
7339
5353
5973
4862
7290
8941
1993
3713
7815
7350
128
5922
1616
4873
6469
5980
706
6021
5757
6999
2530
5025
3941
9955
2399
4380
595
1219
4269
9924
9433
8819
5260
9843
6408
8630
67
4534
2853
3503
7489
1563
4810
2849
2814
2510
9428
4460
6677
4659
6584
7727
6977
8865
9417
9951
7542
282
4840
6836
2264
8447
2644
7086
4605
2703
9289
2260
5076
9649
9691
4329
3039
6335
99
3325
1569
7514
3709
2004
8544
3819
7968
970
9156
501
9431
3420
9427
6160
2454
781
1664
2848
7698
2500
8517
5451
5270
9777
108
1973
8762
5843
5010
4120
1728
9954
9337
8122
4244
2292
5792
4171
2424
7005
9693
3500
9339
8705
6755
9940
2463
9282
8072
4881
3040
9809
5066
75
6124
1347
4299
7649
7574
9395
734
5311
2519
5832
4959
1701
9144
8860
689
6472
2097
3368
1095
5982
7471
6210
8918
6422
5293
904
8337
7846
7311
8238
605
5595
5336
9237
332
831
1017
1358
4987
1105
8563
3456
5101
396
8327
7018
4637
357
8256
4136
4463
4895
7664
8771
8402
5196
3374
5440
1839
7434
9875
4228
2759
5044
1216
9837
9690
4823
5935
5979
6299
5837
9995
6704
8956
2076
7954
1398
507
4227
3977
4001
7690
8881
8299
5120
4883
4916
1212
2315
4436
7214
3022
2652
7023
1889
5805
8841
3251
4536
8992
1321
5681
5276
645
1959
5691
8234
2796
635
1730
5214
5785
9260
4027
9716
6727
7639
1695
6488
2512
6096
9142
5437
1326
6928
1229
5343
806
1717
4315
5245
2066
8486
2374
7128
6668
571
2864
9348
6093
5529
5402
4151
9329
3837
2150
6504
6384
9870
147
3144
2539
6370
8533
5110
6180
3233
4396
3008
4750
8870
2261
2003
9714
1182
1663
3498
6302
6031
296
2011
5424
4773
6932
8434
7155
8737
8821
7585
3213
4671
7499
5763
220
5081
5210
8270
4060
6306
5996
4766
2901
2730
7490
1422
1513
5510
5381
4688
723
4490
8660
9115
9426
6352
180
2357
7941
4130
72
9996
9502
538
3640
9817
8488
328
1775
5087
2966
5764
6708
6937
7104
3286
9184
1140
3455
4604
5170
785
1115
6381
4013
8742
557
8180
7095
1678
4736
8559
6564
8922
9018
6796
5035
4492
7993
6266
4953
9647
2276
4354
4502
7865
5133
2149
2075
6518
2923
3473
9980
1218
8834
2970
136
6131
7466
5876
6111
676
4614
3049
3635
8273
5212
2469
192
8502
7333
4754
7908
8423
6271
1288
4655
3653
1103
4177
1449
594
8565
6417
817
400
8681
5273
5939
8702
8151
9583
2920
6410
1897
1116
1855
7931
6338
4443
1523
8334
46
8568
6235
7806
9147
1673
2009
561
2616
3983
8061
1764
6527
3774
4984
5727
4581
9598
3009
6891
2316
3342
7719
6123
4165
4775
6345
1205
9413
4251
9734
9294
5125
2330
4785
1772
1073
6800
7951
6882
1975
8514
3616
7913
5665
5228
5600
5579
6795
1043
1324
7159
1687
4176
326
4239
9172
6050
5880
5858
8691
9408
7417
8624
385
50
2272
3394
4838
6378
2248
9724
8391
6214
737
4630
3365
9148
9557
7680
7341
7948
2006
3534
1295
8876
3829
8759
9465
9990
4543
243
6112
2040
2468
978
6661
5512
992
5183
8007
5171
2524
2338
3155
1553
2562
8051
4691
4495
2245
7924
4841
4474
9078
9660
4848
9677
8265
4732
5057
7960
5367
3454
138
68
9517
5333
4836
8027
9673
5621
6616
2118
9363
1454
8096
6019
2406
1143
2800
203
340
1573
3849
9966
5859
4024
3077
4762
5046
6049
3258
974
3959
2300
9851
1138
1882
4301
8977
3952
281
5048
8490
8666
749
3615
3104
4718
4202
2649
4796
7832
5453
4971
9111
1543
398
8673
6952
4496
9291
313
6867
7145
4768
9939
2375
9886
9287
2852
59
1329
4729
2958
3242
9992
6055
9494
3766
5370
8471
7510
2251
8100
1509
9223
1037
2407
1076
887
9568
8890
5536
9297
4026
6308
6905
5754
7041
9538
5395
1844
4693
9587
854
6862
4137
918
6416
3935
2765
1768
8041
2054
2693
1951
1967
2270
4698
2089
1211
2068
2324
2816
5187
4236
8981
1050
2554
2160
4765
4594
4501
9051
7600
7524
6926
8884
15
4746
5926
6731
9867
8893
916
6680
1317
8129
4454
462
4040
5080
3718
2999
8620
2596
801
9974
9982
3684
4256
982
236
5427
7012
5948
170
4119
7507
116
599
4462
5455
7293
883
8525
4304
2807
7915
6275
683
1152
8778
7955
5918
6003
707
5778
7920
2927
1793
8377
6972
1929
1758
9258
195
9709
5295
7587
6554
8105
5974
7131
8677
7623
8731
4692
3917
665
5322
3264
6985
5553
5071
8969
5363
4801
2638
3727
8590
5715
8453
8080
8814
9331
2228
5482
8285
131
3476
1527
2726
2017
9380
6024
1148
1365
6119
5571
9110
3750
2646
255
9977
7251
395
5259
7303
4037
8803
3570
770
7759
3544
8838
7425
5672
3982
7326
3280
5475
4309
6529
4097
2631
7481
3491
7916
3191
4045
6464
7718
9975
9792
3924
8313
2039
647
9347
3886
1252
3444
2902
1602
8599
4712
2308
17
9811
5287
580
2746
7248
5195
5629
4031
3263
5112
6326
4583
3785
5558
2821
8995
393
750
1936
4422
7713
2758
5469
101
4618
1079
9970
8601
5261
9747
6923
3907
8115
4699
8808
5966
9757
8368
637
5869
3955
7026
2085
8683
628
8282
3641
2743
3939
7932
4357
7202
31
2594
9669
672
5628
9597
7151
9234
3822
1310
6535
4063
2456
9719
4249
353
1477
6524
5655
4127
1801
3278
2651
8005
9972
6479
4565
1656
5327
4363
8407
6638
1380
7043
5696
5299
7890
4415
6710
2196
1309
2132
241
584
6964
5033
9643
9981
3016
3739
6025
3598
4722
9772
6726
6696
7768
3237
9532
420
8877
9560
2686
457
3733
7912
1694
2386
9593
1746
2394
901
5755
8483
429
493
3994
9808
765
1686
9027
9185
3628
6547
8266
4653
8482
4084
5916
9753
8029
8835
9664
2312
5316
2626
2313
2722
436
6692
5192
6542
8669
7751
7150
4922
3757
6931
2141
5027
1051
4818
2763
4694
4597
4369
7277
7729
1063
5766
3262
2665
168
7050
9133
1636
77
2882
9038
5104
8106
6343
3533
2493
5732
1466
3532
191
6294
4381
2323
4636
2619
4499
2105
7963
9680
791
2871
6538
5977
983
7485
3578
792
7488
6859
5431
3638
5419
8218
3696
7093
515
5728
3844
2934
6715
4819
9599
264
5991
2938
3103
1533
7818
1670
5577
6138
2060
9658
3858
5520
1549
4441
2391
1369
6411
7808
5231
209
9705
1870
9042
9298
8450
6401
5540
8236
6215
6344
8921
2735
4372
5870
2083
4206
3170
8582
4041
4158
361
7875
9486
5072
8968
3947
8644
5676
8901
963
874
3364
2437
6154
2032
7078
4809
9009
4224
3424
6448
6526
5840
3864
1502
6942
6508
3513
1383
7364
5848
7263
5489
9365
441
9552
4828
6864
8735
9269
5650
1725
5252
7977
5610
5836
7607
8598
5543
5874
3926
9189
8623
7629
4430
1253
8355
9022
860
4532
5168
6950
413
7634
2347
6519
3210
8107
4360
5630
7777
9368
9001
3561
5831
3438
3294
6718
1038
1497
3632
7340
6115
6315
8892
6785
1078
1749
4009
6986
9069
8427
8618
9061
4756
372
9335
7351
3074
6063
3019
2585
7710
7256
246
5364
3429
9829
2269
2560
996
8454
8953
1423
7880
1060
2078
8667
8797
849
350
4611
9059
1011
2030
7439
1581
6292
8933
7408
4709
5487
1397
9023
7383
4319
4313
8000
4540
5152
2275
7462
9227
9869
8649
8948
9899
3652
4371
6740
6980
7044
7410
9607
1738
1463
9503
6001
7586
5314
690
5009
7992
7550
6394
5546
1157
244
1299
2328
3107
9334
9056
8326
6104
2298
4986
8895
323
2023
4843
6076
8083
5875
7988
3207
7167
6979
5812
5637
511
5548
4947
4826
5350
92
2838
3931
3693
4794
999
4561
9968
9920
402
7215
9379
4285
7400
6206
6685
7396
2446
6615
7545
85
124
6611
8527
1167
2609
1237
9614
6560
9662
9321
4896
3486
7473
6678
5435
6237
349
9290
6997
7237
2656
8175
7404
3048
2123
2339
474
375
3826
20
2484
9632
1085
8362
8879
1919
74
3528
6430
7398
2410
7952
8224
8136
4342
1031
9828
3021
7572
2951
627
6641
4631
9687
3723
591
9667
1240
7901
43
4965
8259
4139
6903
1626
6004
472
4586
9692
6770
524
6834
4262
4217
7006
7546
7198
6699
8628
2797
986
5744
312
5182
5471
1604
7106
7780
4375
9356
6332
3228
5674
6915
4223
929
7895
9845
3006
2404
3921
4226
4208
1981
3437
2978
5738
9551
1709
8964
4
8993
516
8794
4214
2628
5306
9226
3910
8276
3716
5235
1226
8744
3066
5788
6291
3662
5037
2671
6946
8053
4133
8796
2392
2660
6914
8348
6860
5169
8157
6714
5089
2008
5288
8932
8182
912
7077
1946
4642
8146
3523
8099
435
8675
1504
8116
9788
6921
8261
249
2156
1986
6553
2465
2820
9739
5354
903
3270
7482
4951
8699
7160
5721
643
1806
9205
2416
5493
2289
6200
8361
276
1305
9810
65
1223
6181
7403
7454
4777
9483
187
9048
1650
295
7281
9472
2022
1373
5158
2960
8928
7495
433
7779
6239
3033
273
1142
3582
2942
4189
7726
9827
3076
5578
6137
7752
4213
4235
4788
7122
9730
7925
4574
3601
9678
9437
5723
8199
9241
8154
1576
3605
9338
2010
7706
8253
1104
7918
2175
2980
6949
5211
1424
9861
8639
6648
5007
9802
3235
8319
216
3229
1389
359
2370
2884
6660
6056
4508
4907
4448
678
5017
9820
4891
4804
9640
2867
9152
9168
7591
4585
5787
2441
8903
6167
8412
5188
950
7775
7028
6944
9847
2559
9197
89
9263
6725
1805
1685
1005
7529
3769
9442
6068
6311
9482
8519
4260
1762
9907
9279
3417
3397
2362
9065
8802
1654
155
3078
1286
2207
3838
8145
8476
3877
3988
4055
6973
1111
845
7253
9915
1942
7116
660
1843
7082
8609
3092
7864
6634
8787
8690
5662
5545
8206
2145
1190
1121
3841
9780
911
6484
1937
9937
5118
6546
8768
2355
4211
5542
4276
1532
9515
2907
3896
3900
6387
9889
7617
5060
5480
1535
302
7883
7665
3220
3328
2779
2345
8752
389
844
9225
9663
7884
148
9751
9789
4553
7934
2255
5384
4983
3012
4395
3126
6429
4599
2427
3182
6184
3611
1692
611
9303
7531
3266
1061
112
5002
4218
8687
8935
4291
2277
5217
7781
7275
5566
4405
430
9375
1624
1066
7519
6821
9838
5142
9529
7424
7569
3530
9941
4392
5297
2415
154
8942
2168
2202
2761
8028
2036
3492
4148
1661
1164
201
2219
1932
2988
2420
6591
5412
5411
6732
6510
544
421
4704
6643
5494
7772
439
1014
5704
6314
8980
3901
5138
6356
8755
8878
972
318
53
6600
3214
4900
6577
5753
8477
691
7039
4290
3335
2091
2231
2333
2893
7224
9513
5988
9521
3461
2773
7353
819
409
9575
3282
4166
1245
4660
2314
9703
4469
2087
7354
9079
2673
8479
9737
830
7573
8386
2668
1307
6797
6109
9720
6240
4731
7119
7657
2782
9070
3010
4178
6671
334
5191
6693
2905
4107
6303
5413
7784
9116
1597
4542
5968
5425
989
4483
2027
838
5154
3697
4745
392
1493
2077
4757
1044
488
3821
2602
8189
9997
7681
3400
1586
9525
1415
4730
1015
4259
7917
7889
7359
7926
1731
6965
5780
9043
9689
9265
7766
7257
8481
7813
4196
2120
6857
7205
3391
2417
7817
6279
4913
4258
8646
9304
3754
7036
9722
6698
301
3575
5511
3024
3208
556
9912
2918
4361
3134
2069
567
6290
8880
3089
6357
5294
4935
3198
3657
381
5590
2913
5484
4528
5422
2479
2180
5648
8773
7247
9989
6662
3158
1615
1291
5463
4577
8613
4954
9935
7220
5938
2209
6513
2553
5798
7007
5392
8047
7660
2835
4180
7990
9302
7770
3756
4268
9034
8558
5031
2440
5026
9840
7539
5394
4389
6798
3131
9921
815
6823
9524
3664
9485
7147
2546
5990
6265
4005
1637
1646
7401
4438
1879
1070
537
1162
2110
4858
5061
4184
7244
3306
8664
576
4829
5175
238
8445
2167
3017
9768
3873
530
3068
8831
9467
16
5863
7166
1492
9812
8086
9384
322
8431
1438
5416
780
3897
5238
8653
3586
6190
2045
1796
8818
6156
4330
3414
8940
4666
5640
8859
8161
3666
7747
6423
3990
5998
2536
8292
7189
7242
3252
6760
7394
4311
7057
4083
1632
5205
9549
2724
913
1203
2732
5895
1841
4273
8509
4619
2274
8905
8812
5532
5889
7939
5055
8451
7516
9407
2092
7385
6954
6317
1863
3647
572
9933
36
555
6418
8594
5452
894
9175
959
4292
3372
8896
2823
96
7268
4476
1009
5559
2702
862
8595
8904
5186
8442
2012
9842
7328
6107
4860
4782
662
443
1747
8714
6983
709
5465
5878
8385
5956
8077
7441
8172
6495
5341
7421
5827
5807
2855
4813
1530
2824
9441
1086
873
5008
9925
3749
8342
3942
6254
2000
2067
8920
5592
422
1682
8828
5845
2922
8743
3363
671
6477
6194
1990
5773
7902
6900
4919
4042
7239
762
2062
4367
8010
483
692
4521
579
8076
3843
6697
885
6879
1914
3250
3846
6622
5525
6373
4725
461
8001
4923
9035
4622
4157
1991
9706
7177
3276
4419
2896
2822
613
2193
6813
6719
4643
9783
8281
242
8650
961
4106
3027
8784
4138
632
3118
7469
1852
2839
1440
4857
137
564
8591
7426
2090
7111
6869
3946
8461
4248
1783
8857
480
3799
6389
4332
5049
3577
3957
6532
6824
3565
695
3581
9500
2042
8280
7
3965
6772
5924
562
2481
1170
364
8785
6127
9213
2548
858
2832
3059
6832
5911
4242
7027
2721
9209
6402
1943
6467
1614
5417
3314
876
5446
404
9908
4033
1599
942
8126
8625
6573
8045
1693
3651
3524
2367
4670
2293
4497
3777
9944
8288
3419
3442
8635
7222
4537
6051
9233
8110
4370
8999
207
1377
9470
1158
9248
6831
6316
5372
3735
2549
6539
8164
6628
6172
3793
8244
3161
3970
6396
764
7369
6385
3349
4892
6433
3737
465
1084
9463
9284
3630
659
190
1131
3088
6125
97
3992
2600
9478
6365
7953
5725
3587
941
6722
1255
8340
4866
2650
4479
8455
2305
5884
6426
5161
4948
8160
3257
7821
8972
9713
2309
7494
5271
8388
3527
5334
7619
456
4783
4225
3245
7928
1293
9499
5265
2946
105
4320
9330
7676
2886
7430
2186
8117
3673
607
7691
5900
9967
8156
1903
2495
1666
346
3554
718
5307
6321
1790
3117
4394
7236
9458
5775
1396
6978
2485
2754
42
648
1776
8973
9618
2172
320
7130
5586
4349
9683
9584
7910
1082
2199
6811
4825
2674
7463
7382
8394
3505
9216
2689
4343
8817
9885
841
1108
7672
5759
2579
1402
2246
6029
8346
3542
9129
8420
5131
4607
288
3352
8267
6938
8710
7113
6906
274
2793
4627
939
3888
5907
4878
7642
2303
5054
1452
8247
5560
3824
7374
7834
4230
4377
3927
7316
3691
4980
5644
1039
9415
4657
2100
9609
5421
1302
213
3468
3193
4946
1672
91
9021
4713
5004
9460
6015
6006
5802
9569
6052
8674
8268
8829
7786
1707
1754
1283
2858
8381
5398
6534
3808
4305
4728
6783
8002
2836
1391
6414
9360
6341
1145
5040
2604
2384
9520
494
9211
2829
6122
7470
226
5970
183
4546
8597
2582
5359
6730
415
3418
4964
8600
653
8436
1883
5222
9341
4282
5892
6846
2914
4678
9218
5309
7891
4471
1404
5733
8258
3115
3090
5502
5615
2125
5459
8856
6650
7782
4128
5661
1529
5737
6572
64
6806
3223
8579
9574
2283
2458
8023
6897
2610
7810
4719
2258
8052
7927
8363
9523
2348
9391
1388
1270
7252
1996
3865
1580
700
4596
2588
6807
6174
8283
2329
4760
6449
4795
7280
4316
9923
9707
5893
7109
6810
8358
2058
6612
3405
6415
3751
4353
5632
9725
1808
7336
7004
9311
6044
3645
280
6709
5097
4615
1774
9202
2974
5719
9346
9058
1254
2185
6140
9698
7419
3201
449
8804
4086
8144
9592
3810
5825
1565
102
2517
4333
3298
5928
8945
466
2661
5969
3951
473
3779
9236
5347
6713
5129
6537
2151
1865
114
2433
8894
9108
5320
3184
4073
6801
7137
7800
9468
5554
7633
8118
4974
8560
204
7675
2477
9011
6130
1613
2284
5734
7323
30
4844
4938
6627
7357
5315
9127
8872
321
2438
8798
4982
9586
6688
390
1964
3080
2953
6601
2772
5042
6955
7655
7045
9764
7561
3116
4112
5499
1835
2768
6851
566
3495
6010
1486
7778
8495
8954
1311
7979
5050
4222
7387
7506
3597
476
927
1246
9421
6941
9895
5645
5179
7814
1827
3436
6159
4579
2540
2121
3434
3867
6268
1268
510
7502
6327
8307
6264
5331
7255
4481
471
3295
965
7998
3857
3971
919
7767
8777
3375
3949
7033
2435
1560
6896
7592
9367
4991
6487
2625
6267
6248
897
8508
1988
7646
5203
8913
8457
9003
1792
8074
3331
425
9853
2869
697
5383
5855
6557
1239
8760
1765
6843
6562
4696
3219
5219
4559
2916
3972
9681
2996
8050
7067
7085
176
8049
8064
9760
2528
7068
1214
5905
2569
3141
6312
8902
5839
7029
8094
8694
3396
6351
2429
1969
6036
4006
3467
254
1819
1639
3516
5405
7001
351
1860
8858
2350
6514
7612
8741
2093
2461
172
7662
1867
4711
541
1130
4252
6596
4408
8501
5762
4906
6032
9436
6298
1856
8833
8493
5062
902
397
4739
6982
6752
6531
7368
3273
5032
4890
623
4351
4833
4076
1379
3312
6884
1064
7464
4169
1925
502
8217
6701
3421
5479
2647
3806
9323
1259
6975
1715
6958
3552
2205
631
9015
958
4522
6110
2504
6209
149
7627
6647
1621
5906
9092
2613
4802
1572
8006
6784
2635
4589
4488
634
3677
5509
3879
2482
8738
565
5105
5378
6729
1217
8555
7669
3613
1127
2544
8375
3030
2310
3359
569
4695
1225
3380
83
4580
746
4195
6454
4010
3717
9834
4665
5821
7101
7523
5925
87
4486
151
664
9528
4198
2767
2271
2016
26
2924
1194
4909
4886
8339
1010
212
6146
4298
2361
5593
5791
7118
1699
504
7930
7564
7799
6136
5813
2190
2527
8131
71
4555
2171
3584
8121
2911
2442
7479
878
9648
8676
252
512
5429
8575
5391
7700
6840
7143
3272
4753
3815
909
1166
55
4714
7207
9636
6480
2382
4229
6413
3029
6682
6444
9965
8088
6951
4449
9403
2679
2220
8531
5457
3159
7921
5745
1582
9803
9902
2967
3764
3355
8470
8934
6134
3882
4194
9773
9361
6083
943
1488
2627
6372
9624
6334
9626
2385
2933
5786
1215
8404
2232
2033
1862
9424
1269
8734
7976
1880
8604
4918
5014
3761
5476
1854
2005
2467
1437
7371
6916
7603
2158
947
4929
4901
506
9332
7352
1691
2680
5698
6598
5957
9316
4105
550
7195
5793
4331
3619
215
8648
100
62
9763
5092
8939
4193
2084
3643
7750
6792
8578
1458
1176
1588
2263
3268
2028
8963
2349
7480
1516
6333
5136
1470
1680
4335
3494
5868
803
7409
6747
4641
8662
2844
7444
2873
8732
7448
5209
8137
8976
7324
18
8393
4551
5522
1869
9715
9775
5720
5216
5324
8836
5296
7825
3011
1376
9340
2113
8208
1490
6256
4706
7658
1846
2086
5958
729
3895
9480
8851
3559
2371
6654
61
5699
9416
5675
3861
5983
3488
1124
5951
9581
9604
4062
811
3409
590
1770
6443
4616
1
2587
5396
9949
6197
7139
1160
44
5550
875
1498
132
7501
2977
4684
248
4477
2359
3445
6095
4667
5123
6991
4489
7740
2507
1833
8060
2908
1627
7923
1853
9076
856
3572
2947
3369
9193
5851
583
6234
5330
423
6745
1593
8617
1910
7654
6675
6871
8707
6255
1195
3327
9856
797
5818
7392
8534
4200
5298
14
2875
8411
3908
5668
7099
1547
4382
8562
9832
3086
531
1119
5193
2640
202
2925
7414
1824
305
2903
7964
2379
8899
4573
9726
6953
9252
1489
5423
7724
8989
9795
8062
2729
5708
5126
1008
7674
3689
8249
7872
2624
3416
3967
9509
5541
3995
5989
4247
1669
5177
9280
3431
8114
3020
5658
5684
9909
4077
3133
2459
1526
7475
6819
143
7241
7305
4995
2696
8912
9964
9192
5339
66
9476
7635
8643
6337
6607
2930
7707
9887
6285
3026
4067
1603
6763
9533
95
3840
8097
4752
1093
8766
367
499
9254
7562
4571
3042
3948
5585
5328
4920
7182
6020
3515
8155
7437
7709
6930
1698
7508
8708
5178
9561
5137
9448
9387
5389
6791
2306
9045
6799
2856
9548
4910
3759
5388
5950
9024
6917
4882
7379
3330
5616
7571
2532
8356
834
6060
1618
5018
9536
7763
7227
4781
805
2745
587
8680
9748
2401
8222
2237
951
9846
8781
670
2834
4576
8070
5099
1708
1016
7436
9419
9565
518
8651
5682
2965
1151
3313
1028
4428
3290
3206
7283
8671
4153
6161
4516
7609
7855
123
1886
2252
4341
581
2161
4587
7484
2413
1165
9930
8202
5817
5936
9220
6635
9203
7321
2134
6244
135
6245
7904
1412
5569
161
9446
9194
5844
6473
9155
3576
1002
3816
152
4934
3563
9112
4902
8539
7613
2225
7945
3978
7515
231
2564
713
1065
9612
987
7761
9571
3885
3339
356
6681
2523
489
4125
7070
3246
9854
6593
4233
8365
7279
245
9676
4159
8996
8138
3163
988
4122
720
6277
4322
5790
5041
833
5274
675
2805
7123
4265
3350
684
2599
6852
1885
1338
7193
9401
975
744
3354
6636
4078
6567
893
1923
4281
4697
2157
5404
5567
343
2114
1298
1641
1945
1600
7197
3453
655
5371
7194
8237
2704
9855
4821
1091
3556
5269
7149
1896
6363
1262
3382
7003
8711
8128
6438
9799
8670
1332
7169
3376
3720
1109
8585
1788
9948
753
199
3827
6273
352
8475
6744
6746
6849
2434
835
6825
9268
8396
6503
9826
6432
3470
8523
9295
7650
2998
8203
9081
2505
6098
4204
8489
6496
5335
4961
2684
6320
3797
3741
3525
4685
2307
8271
3196
6178
7088
980
8914
1548
2057
8294
9084
6788
9608
6428
7059
7156
1999
6994
6962
7148
6201
2648
7869
4440
2744
1179
5127
8861
6460
7980
9273
4093
3944
6586
4927
2677
7996
6877
7788
5366
4232
1928
8572
771
1368
1499
2142
4461
1971
4081
3123
1348
8907
9305
6099
9953
1733
7112
6152
3058
407
6331
445
774
348
3629
5547
9704
5020
5752
7697
7859
4368
3157
9370
775
1083
4937
6902
1054
4263
3778
6353
7226
1247
9986
7919
4100
9623
7984
2725
6431
2140
2204
7699
2152
189
824
6088
2423
2862
4340
3277
5596
5781
5011
7397
5272
551
4511
5098
4567
9600
6566
7289
4358
4413
616
7787
3594
5902
3137
3061
4936
7416
3825
3241
4170
3736
4334
2026
1849
1351
9103
2701
8700
7578
4104
5379
2408
5617
2139
2910
4442
5068
7589
5263
9200
9117
253
6405
7683
922
8793
8629
6608
9471
6866
4510
8465
1655
9445
656
4925
2063
7982
4192
6775
278
8215
1950
8733
9708
6909
6609
8825
3583
5842
9577
5156
6039
5047
4116
1330
6478
6663
3390
535
3881
5584
9913
1464
1921
8458
8950
3954
5148
1048
6173
558
9288
4650
3685
8966
7667
9191
4080
2475
9882
9488
8184
1371
8018
1917
4806
7551
4155
9094
9052
9831
1706
9050
3253
8415
6563
2177
4590
3796
9495
2106
1909
5140
6993
8240
1771
5243
3650
7467
2846
1496
3835
7446
2714
2119
7685
1596
8626
8704
9008
2327
2551
2948
2215
3288
6441
7461
2634
9199
5667
2184
4680
4632
9671
7791
9343
3124
8460
194
7812
8044
9047
5450
5200
657
6571
3310
4364
1417
694
8472
1757
9394
460
4677
2802
9787
188
6435
8403
3848
7380
7970
9096
1705
3041
5438
7583
2567
5141
8040
9388
9594
7577
5697
1393
5030
7013
9531
6830
277
7803
9475
8376
840
5561
4820
1301
4723
9978
5756
7035
8421
9819
6878
4017
1719
4831
2041
6589
9559
7957
6035
4143
2741
9399
2398
7774
1861
7971
4144
9655
7500
4406
2418
5478
7754
2286
2490
6737
5739
3943
7030
1257
2617
9646
2810
6079
8753
2976
4141
8886
2174
266
3146
4635
9696
8410
7640
7254
6213
1406
2153
1872
8553
1243
2363
1168
7981
1689
921
5332
1851
8350
5804
5995
9444
7200
8931
2238
7636
5624
2061
2777
6223
9815
263
9457
4676
7245
8353
1441
3712
7876
2731
5846
1485
3660
4294
1625
1750
2302
3953
7722
2478
8790
9466
9629
4480
9007
5397
8789
2630
9504
1250
4344
5664
9158
4990
8500
8300
9633
9876
1201
230
3323
438
7342
8871
156
9590
2247
103
9750
9122
8448
4308
2029
9300
3428
4164
2667
8384
3083
7433
5280
7443
1446
7199
6199
6231
2182
9157
9816
8556
1684
5445
5301
2224
9659
6657
1766
6676
8795
4234
5881
6
4656
3357
9603
2331
6257
7692
7292
8133
8772
7804
3625
5093
5549
7790
7438
2803
7365
8171
5418
153
2748
4446
582
3876
4715
4300
3309
4926
4674
6494
6284
7075
523
4515
1536
9473
5835
2397
9922
1460
4129
7991
4669
6743
3188
698
6075
588
3255
1395
4726
1335
9998
1284
957
2253
8746
1723
1577
5329
3221
7016
2059
6956
4870
998
2018
9736
7686
4845
7974
2515
1213
859
2969
8221
7218
8757
719
8637
4800
3130
5229
2050
467
7601
5181
9198
1256
879
1354
9512
5303
6633
6350
5051
4514
735
6933
716
6762
2620
5749
4174
618
1607
4061
5317
8549
2972
5594
3599
3203
1359
5001
6113
6143
6278
7666
1026
2483
4898
9825
2662
4675
8507
7055
8668
2007
2320
7455
9556
4893
8194
7052
3667
5147
5151
1887
5931
1100
5083
4985
712
4023
4115
6920
1931
3541
5115
5871
8314
4827
1555
5872
8024
9406
4852
4250
4094
1129
4452
2885
9242
2471
5673
1944
5706
866
4022
1734
7935
1467
9839
5801
948
5909
3140
2568
936
405
3305
1540
3300
9067
1106
1184
6507
1784
2897
6833
8392
7638
1906
1144
1375
7811
2311
7056
2747
7322
4835
7209
3326
7618
3160
3731
7842
9785
4412
1346
9938
8235
1541
9138
2047
1564
2994
3430
6629
1357
5984
9405
6392
4928
7335
247
4052
7714
3904
2343
2502
935
9879
6182
751
6205
3472
9814
2273
5653
3683
4237
9527
9020
8034
6403
4264
8112
5834
7526
8287
9928
8019
8897
4720
1688
532
1962
6922
8295
993
4595
6382
3383
5434
2035
5441
8054
2217
6185
4808
9619
2781
6533
938
9283
1384
9286
1340
8779
8188
1505
1515
3558
7266
2764
3531
2128
6753
625
1649
2804
5
7659
2021
8452
1644
9166
4569
9616
2278
7267
869
4972
6545
757
28
9786
1183
8949
3672
8958
4435
7219
9322
2425
470
1630
6947
2676
5242
6592
4897
4092
4131
8260
6102
4238
4240
7798
272
6168
403
3135
910
7061
9097
7708
6482
4851
437
3060
861
5964
4002
3830
3469
7015
8535
9519
3091
7950
9835
3381
6329
8943
3128
347
1251
1114
9178
8305
789
5132
146
8569
1407
6883
8165
1915
3980
4118
6790
6948
7922
5221
517
5267
1036
3642
3589
2116
8352
1325
4832
6842
338
2360
4566
4855
5236
2131
3974
84
9163
304
8839
5024
5735
7295
8550
7206
1185
3447
6720
6057
9255
4321
1494
8494
519
7570
3361
4876
3852
8850
4352
9176
1658
8882
5521
3
7259
9793
4346
2513
6549
484
6597
4345
8786
1570
2718
721
3303
5003
5981
4957
1769
823
1171
8951
5065
3722
5741
6242
2841
9702
4011
7287
3567
6782
1534
5795
1087
286
3871
2603
9345
7715
8524
964
3224
2789
4147
8071
9852
6689
4103
2192
9180
7108
5751
3443
8640
1875
857
141
2124
7887
2543
3348
3487
1810
6058
6462
6967
144
4803
9432
7541
4121
7372
3408
3960
3275
2615
9754
6081
9196
33
3794
8167
7833
3152
4981
3860
6322
6672
6606
9546
5116
448
7100
2243
6089
7011
5430
7898
1282
79
6158
726
130
5830
5760
6157
6776
7933
3292
868
9306
7689
9238
6582
1482
7384
8032
1592
8364
3422
7511
7962
376
9164
7816
5687
9960
9462
6166
9275
9333
6655
1562
3768
6012
9813
5145
4658
5160
3216
8775
9697
6118
2664
3449
5602
142
7228
4355
1544
6898
1088
4903
8982
5504
6588
7213
9012
3742
9308
1313
2711
1025
971
3037
2325
696
4880
337
9351
1974
7395
1120
4509
4397
9261
1665
5556
782
3920
8754
8809
113
6793
1233
3386
6748
1955
6674
310
5058
1965
855
881
3633
5890
5514
1550
1479
926
1149
7559
4327
7097
1062
3828
6192
6768
6028
2176
848
5257
9821
8697
8291
4703
1019
1927
8379
4769
8370
8344
3981
6769
4798
1004
4314
5519
1652
8567
2663
2390
995
3560
5215
4467
5507
8414
6530
4400
4431
6287
8551
4494
9946
1591
8611
309
6002
5524
9217
1455
956
8422
287
3903
3484
3287
7632
8952
7031
2555
669
7491
1433
9456
5743
3661
1745
1802
7140
8332
6759
3450
3187
2881
251
3938
7533
7453
6679
399
366
6667
7393
4403
9374
1557
129
5059
2117
2109
9634
3271
2268
3956
2304
5323
9744
2099
7906
1409
2235
1822
1817
7065
8011
3149
8720
3997
2096
2595
5240
2757
1210
3166
5085
609
9396
235
5573
3812
2898
3377
5377
6789
8919
82
601
3283
69
3937
4152
7313
5414
3482
5176
9264
9553
4429
9060
5710
1556
9319
5575
6590
2414
2698
7581
9656
13
7956
7477
9534
7347
414
6838
218
9017
9005
9229
7440
920
6286
5338
8632
9874
8727
8695
6078
6103
7682
9046
4156
3710
528
3792
8162
6297
8474
891
2492
1434
1525
9945
8540
3362
6889
6374
7749
4020
6016
8515
1421
1752
5284
9317
3832
2162
6761
6251
560
6816
596
4924
1797
121
7370
8382
4743
8213
8627
234
1795
3786
9453
9505
1905
7298
710
1267
1234
4362
3934
8101
9450
8057
5337
4000
9068
1756
5946
8378
4087
1779
1763
4421
1276
3232
8925
4378
4277
5185
1414
9161
8459
6325
7610
8936
4758
3509
1349
6620
3788
3721
1739
8991
5355
2287
5809
1483
2470
1074
7522
7653
7892
5914
7102
7153
8304
3679
2242
2641
6639
2791
5599
2210
6376
4366
1881
2865
5647
8823
2892
2428
8869
8805
8296
1859
6269
1263
3441
1938
1609
8842
8056
4114
5304
2173
1755
5174
7346
1934
6605
2037
5016
1631
2148
7860
5776
892
7134
7959
211
3883
267
4572
745
4095
7756
1264
508
2784
3018
7611
3906
5638
4842
7758
4648
949
3776
3181
3765
179
2622
9118
6393
9540
5146
3979
459
4453
4175
9588
9801
8252
5282
739
8498
380
7124
1102
9088
7170
6260
1575
2154
9173
6226
8192
419
1425
3121
4271
7261
8068
5230
4482
8223
5403
9988
3129
2212
6446
4172
2265
1202
6741
1524
8021
4347
4058
9397
6442
6067
1667
6561
3510
7986
8220
513
2728
1900
7528
2281
4306
2472
899
3045
907
6258
1634
8971
336
8987
1001
3866
533
5250
2818
9430
7616
9740
8799
3072
9695
354
4749
6645
4751
1337
2685
1845
3936
7493
1552
8298
5622
4737
8016
2655
542
1297
1289
7327
6080
9796
6498
5971
7171
5772
4976
7631
8521
7827
4432
4099
2792
543
1401
7157
8984
3913
6465
3136
1399
3226
1884
8413
6908
7584
1128
7732
1539
9393
4640
258
9309
5659
5607
884
1812
1874
7179
3247
5111
6939
9072
9124
8046
600
7828
182
2094
6943
9625
7853
6712
3378
3802
2558
8887
9694
979
7174
224
7858
2529
3855
2127
60
888
1241
1520
6371
6289
8638
8464
3415
9315
794
9758
9498
9554
4167
3388
283
3914
5731
9439
5134
2129
8390
4816
6091
2506
7376
3602
4517
1443
6814
9823
4450
3125
1163
5165
200
8656
8518
4623
3553
4755
768
316
914
4181
1537
6658
373
6348
6128
9114
549
3153
8721
9271
8712
895
7142
5947
8655
6188
5771
256
7753
7345
8832
837
5829
5143
8990
9858
4245
1333
6304
7929
5234
7002
8478
4082
4772
3183
8020
3880
7176
3690
677
4608
4625
9071
2395
3106
8988
2990
1156
6934
2321
6155
7468
9866
9493
6959
3674
8065
9025
9054
6420
2074
3676
8444
534
1094
5716
9093
5368
315
3940
7762
8824
2015
2447
7060
6885
9418
1196
297
701
7580
8037
314
915
48
78
6262
7942
8286
8263
8439
2048
3745
6150
1992
2618
9752
9222
22
7552
7074
345
5619
2088
3889
11
5517
4664
3772
1042
5552
2575
6940
4716
3538
6621
9850
3489
8868
27
9181
6690
3669
9511
4952
485
1465
9769
3687
7661
7793
3610
2955
2929
3993
1342
3501
6841
3317
3315
9109
4142
6929
2104
1803
5159
8012
9956
9585
9328
5180
9570
4552
8318
934
2291
4973
8885
1724
3499
1760
5941
4425
2354
1904
2070
5254
8532
206
2783
8233
7716
1598
1069
6924
6022
1512
9031
6295
3916
3699
6007
7712
2336
6395
8864
6558
7517
6227
4437
5597
4672
7428
6652
7543
5574
4877
5069
4295
4617
2080
8013
3366
2411
6984
4393
1339
3688
1125
6865
5803
5253
9249
890
8820
9451
193
9256
360
6619
3701
9251
5993
7789
2488
3708
5149
7264
2169
527
6733
7687
2200
4911
5767
2381
2221
9167
9089
807
2195
1112
3265
8406
5103
3079
6452
2593
7210
4805
8906
8351
5006
7021
4545
6613
4968
9101
2590
6377
4885
2895
6855
7704
3320
3853
4582
4888
6912
3307
9100
5972
387
4182
4416
6470
5758
76
6664
5474
7794
9312
8323
6310
827
2034
115
3681
5572
6520
6359
8017
7839
3338
6404
1681
2572
667
6195
9670
4612
5106
3574
3319
4624
1912
5730
2256
8512
5052
5606
1279
8480
8608
1899
4977
3032
4025
9991
5128
9891
7429
1864
3963
3406
4562
9146
8663
7530
7797
6106
1290
6017
3035
1181
8341
2591
8616
9131
1461
839
5114
3057
6880
4708
3569
6074
4904
7728
2771
3726
2520
6061
3395
1892
2709
5428
2840
6120
7458
4072
1392
2637
8078
453
1871
1968
882
9952
9086
9151
9985
9423
6270
444
8075
3705
8584
5352
7894
8883
2373
2786
3520
6511
6183
5920
3521
4070
9385
5005
1920
2877
6492
3649
1753
9039
1924
2971
2178
1901
3573
7172
2378
19
9206
663
9582
5810
9195
7329
5713
1364
463
6421
7582
1041
5281
3142
3975
8293
6642
5082
9182
5886
6236
5053
8776
3804
4038
4373
7504
1400
3933
1913
8031
8308
8888
8168
7423
8965
8770
7989
3483
9121
4966
7644
1568
8315
1994
2147
5387
3439
6686
3762
4123
6595
2915
654
9729
1907
5326
8866
7645
6899
3105
5386
3215
2899
3302
7203
4741
9296
7856
2739
1035
7966
5927
3964
3671
4297
6853
5237
5583
4090
3071
5568
8317
7138
5860
9605
5714
9638
3269
5351
2115
3874
3466
5461
1057
299
9566
8302
2353
3001
2025
6425
1679
3477
3608
4379
9469
2906
5202
4168
4014
6054
7538
8333
7622
8134
4620
5711
4505
3496
8593
9230
2111
4124
681
7735
3185
9841
3139
1403
1660
4799
2697
1629
9971
7361
6014
2778
3222
7054
614
7411
5407
3459
4740
3148
8082
214
7042
4547
6874
5589
790
724
6876
8380
9535
6360
2170
4734
5625
4134
8997
6808
2830
3919
3568
6599
2653
8615
4374
2521
49
952
2687
3526
9767
9580
3371
8538
4293
6211
829
8909
4140
9461
1987
9037
1777
870
638
2046
2208
2926
306
6340
6175
4507
9006
4700
8736
4401
6475
9277
1294
9675
4185
8978
1174
9366
3293
8093
2194
3479
4992
6072
5564
3770
308
871
7090
3087
752
7738
8418
9999
3340
2181
3730
174
7525
540
330
1898
162
5985
120
7743
5797
8198
3711
5508
2346
2657
7344
6391
6890
9617
6765
2986
173
4003
1926
6583
8149
2421
630
497
6038
8185
8983
4578
2165
7911
4399
5824
5255
2426
932
8354
9085
1908
4790
8262
2396
5342
4554
3648
1418
7498
6406
4098
4649
2250
6065
7154
1961
6368
8589
9518
2904
9373
4531
6362
2188
4350
578
6603
9969
4186
4786
3452
1052
2605
3950
3803
7746
6644
4705
9369
6925
8979
4146
7452
1606
1033
3448
5189
1623
6893
679
4302
3545
4549
9959
3833
5375
1024
985
7098
1633
6198
8510
7442
7824
1303
3281
673
3851
8975
3707
9135
3823
232
434
5376
4541
7413
6818
7643
5291
9822
139
1703
1020
2851
4280
758
8927
8718
4687
119
4035
3284
4183
2573
6283
4491
853
7503
9106
4663
8545
7783
5268
553
9711
597
7844
411
3775
1300
4257
2019
7717
8985
9900
2712
5194
5898
7841
3101
7679
6640
6666
3202
1430
3836
9905
8642
7460
842
6703
2991
3299
5501
7064
5712
4780
5505
7187
3098
1811
2369
2742
784
9250
2533
2317
1271
8526
2917
9564
3590
1542
9244
7972
4727
755
3714
8693
7270
8191
6043
804
6069
9307
4420
9377
7731
6919
6094
7450
127
526
2753
6739
7373
2750
9440
333
342
2740
5360
5945
8119
6723
9728
5899
486
5627
8536
6276
1006
1941
727
9381
109
3969
1657
1979
1146
3054
9028
8782
8587
2198
9496
8491
3143
2801
4286
4839
3668
6970
4770
6085
260
7730
7831
3845
4149
3746
5439
9447
9976
6250
5913
7175
1645
4834
8763
4588
2737
3743
3463
9057
5779
1823
1589
4872
492
6888
8724
6466
3834
2297
1878
6569
9526
6018
432
9892
4994
2581
7652
8561
1782
1378
5045
703
2155
722
1675
8239
8357
2503
3514
9281
4207
3868
3413
8437
9434
1386
9342
4126
1786
924
9044
9049
5382
8596
9774
362
6614
1238
5954
5611
9066
3457
646
7091
8602
4525
3656
8844
8529
7943
126
9299
2280
773
6750
9589
3905
6053
6774
8152
2072
7299
9077
6151
6700
2545
8716
6364
363
6780
8111
2614
8739
1718
81
8576
7615
9349
7497
9903
6330
4190
1748
5286
5814
6502
3725
9573
766
3478
5975
7288
9479
3758
8212
8889
5660
946
5932
6787
3811
4792
3634
5581
6288
2377
5671
9204
9836
7125
3180
3043
344
6399
6379
3412
585
7492
1481
1047
9601
589
1711
5887
8419
1192
636
2473
4012
7415
705
2236
5443
8038
9389
944
759
6872
3925
5740
5361
5207
3050
331
1759
2138
8467
7620
4530
2552
8195
9113
3435
8504
4744
1848
3740
5562
1007
8245
814
1501
3171
5436
217
3046
6839
8552
1635
7849
9443
1911
2931
2659
6247
7590
8163
4759
7338
3423
2561
2629
3034
2973
7391
7017
3081
1081
1995
1045
6191
7936
8345
7973
3028
2828
3518
5994
1021
339
9398
5283
7301
5811
8170
6176
4519
4960
3411
8008
5953
1559
2136
6436
6439
4424
8297
4272
2351
4484
5669
9029
7556
9830
5153
164
1740
6804
747
2179
5888
4763
9993
7593
5689
9016
6450
1315
2887
865
4864
6307
6749
1638
4307
5799
615
9804
1353
2486
9187
5633
6820
9591
2344
9746
714
8036
1056
2723
2788
6339
6447
9878
1595
6767
8430
8970
4418
9657
4639
6637
5166
2516
3984
5491
3002
3655
4626
6844
2496
3110
6617
6169
2733
2799
4179
4535
3343
1352
4113
7071
6323
3127
1713
2341
6281
7358
1561
2749
2526
702
4065
568
5603
7857
3238
640
5477
1436
7190
813
8104
2762
7866
3067
9062
937
39
852
2811
6241
8098
3551
3464
8469
3600
1055
7233
9171
4764
2547
7319
1736
8141
2682
5643
2218
825
2589
3122
8505
7284
4779
9733
5709
6485
9128
3289
1491
9897
5067
7820
8652
960
3316
809
4556
7032
3399
6375
651
4598
9141
479
3324
227
9712
3209
769
9749
7733
5348
793
4584
175
9278
1521
6684
2570
3197
2491
2240
2366
7576
2574
8636
4690
6232
820
7094
1442
1605
5302
1468
454
5410
8190
9950
3579
5356
6525
1360
3869
6457
1374
4847
3403
1743
603
3321
5454
9688
8783
250
8827
3784
786
2380
8923
1721
7146
9074
3780
9354
5580
2107
9567
4426
5601
1970
9539
8698
7736
1507
2241
6728
9547
4254
2542
7796
1405
626
3175
4560
6848
7765
7087
8846
1331
4029
3332
2534
8210
1949
4889
9390
917
1334
2601
2234
4761
1876
2079
4201
4032
9917
9936
9958
6087
6521
408
8026
3367
5500
7537
5094
1558
6687
1647
9606
178
8813
9893
4613
7164
5064
5467
7451
9962
6683
1435
1579
8516
5750
2962
955
4908
6282
4879
5747
8938
4601
9865
5401
9668
2498
9613
8359
7755
1327
7994
2932
440
997
741
4016
4533
2944
2935
7223
6427
8696
4044
2259
1394
5614
6570
5940
8284
8955
8272
6189
3096
2795
5656
257
7356
7230
1583
2987
8429
3800
8574
4221
4255
205
5865
6969
6555
6575
847
5164
3337
612
4404
4409
5079
2146
7663
3497
2842
7518
7549
8614
9818
4789
7739
21
133
778
3686
1574
1134
3789
269
4101
2222
1471
9083
9481
6208
4478
7309
9934
6133
8091
6998
4941
8135
424
3986
4963
284
7668
8546
5891
7694
6543
6963
1272
8910
2056
8338
2993
9239
2794
4933
2812
10000
4019
6313
7554
6786
5496
7235
3458
5582
7445
369
8425
5702
5095
268
2135
8703
197
3922
2213
8246
4267
966
3932
7987
3462
6556
6064
6309
6459
9438
8686
7407
1292
1059
2872
622
6434
8583
1620
1826
8400
1939
7867
5783
9628
7863
196
4212
2717
629
2014
619
2695
6850
9392
8641
6263
8081
3239
1628
1260
262
666
6778
5077
4513
2462
7897
7269
586
6858
3614
7181
2531
4089
9884
2358
4348
9833
3817
795
7588
2632
8039
2675
7334
1101
4778
1381
9579
6272
8367
5325
7008
7626
2267
2535
6976
6736
6626
1818
1984
5992
6218
7221
1319
9120
1013
2983
7308
1208
2279
8962
3334
3167
70
2815
6624
9641
3199
6145
1487
4539
3373
186
5677
3000
9550
6455
110
9186
2706
9259
9484
2880
8806
8592
6440
1891
968
7595
6987
9794
7896
763
6794
5239
4312
7648
2694
3918
896
644
3585
3872
8092
8424
8120
1323
3813
3111
8706
5090
8463
4998
9510
8347
4384
5620
5300
7343
6458
6481
5986
4173
5847
6108
5856
2760
3227
1953
7575
2511
674
3211
7229
4246
6992
2716
9914
3976
7297
7579
5894
4241
4814
1902
5390
5530
2294
8685
7893
8309
7073
1798
8124
686
1071
6649
9770
5523
6225
1080
7418
5358
9140
3234
6400
6407
3732
1445
8324
680
4359
2419
9104
2081
8231
2645
1275
9627
3618
2403
4500
6751
23
5657
3485
406
3172
7946
7947
4647
5726
73
5070
5488
9947
9859
8397
1720
9877
9890
2636
8747
8186
2859
7047
3085
6913
3798
2525
7905
8745
5742
685
1410
3884
6552
1155
371
4661
3763
6207
8537
1622
2430
6077
8541
3471
391
5555
1000
5910
8634
2164
1285
7597
6202
7431
93
754
2621
8468
3036
7208
3065
7835
3604
9000
9654
1169
8132
4434
3427
4456
3703
2817
7673
5074
4210
6581
2249
9350
1322
3490
945
7851
464
7019
6437
1139
559
4187
826
687
3996
4824
9919
8891
3094
5822
275
2229
8079
3379
5535
6981
185
7272
7711
5826
7402
4943
2365
3915
6910
5503
5761
6515
3962
5447
4284
4296
5023
5937
2400
8946
165
8084
2326
7807
4859
928
9545
8181
8398
9247
2868
8853
7435
9932
682
9357
8715
1469
1697
6293
4747
6803
2450
5108
7695
9352
5642
9246
4275
2950
7874
166
3728
2952
160
7899
3062
5208
8659
1940
7325
9014
6011
7565
5013
9137
7540
1053
5849
63
3164
1153
6249
1918
608
2230
1320
2968
7049
291
9221
7871
8701
8679
7742
8139
6318
9063
7053
2845
4278
9849
5943
2847
8435
1154
7843
7285
8728
7180
3622
5406
3555
973
9542
1200
796
5861
5497
2943
1960
1287
8395
88
8
7486
2813
5345
2295
5700
2808
8229
984
2889
8661
1173
1278
3991
3108
8269
9863
5563
1209
610
7671
2101
1429
4570
2708
6261
688
2095
7009
923
7000
8312
6149
7628
4323
3114
7878
898
3291
2203
4470
379
2870
9325
3790
8035
5227
4423
5218
6886
2051
1232
3646
447
7276
1090
7191
3218
5873
4931
6097
1781
6386
7605
2607
4243
1545
8174
1345
641
1189
5685
335
1023
5319
9644
7349
7836
5538
4191
2975
40
8399
8487
9353
4701
779
1640
4504
6300
3715
2720
5130
8826
107
3387
3968
5458
4303
8530
7978
7163
9412
8780
7375
157
3385
4036
3073
6990
5460
1601
3274
8528
6506
7367
3356
2383
3267
9896
8499
5490
8022
3064
5680
4807
3398
8792
574
8048
7914
134
4398
6383
270
7599
1459
3254
9871
5819
7132
3546
6147
8994
1058
8791
2827
5369
2809
3023
5678
3051
5225
3609
3014
3571
6971
3536
3820
6742
3753
5605
9844
5426
4085
8684
2497
4527
1799
8446
6781
4326
2487
9555
6968
7306
4538
8830
7881
9214
3612
1172
7785
5528
1700
1511
9898
1893
1244
7647
1780
5877
9637
6875
4668
34
6559
7265
7240
2691
6579
6541
9267
3694
324
8497
969
5866
51
5959
38
2098
5135
2257
6224
6724
6702
9420
3507
1518
6499
8102
808
6540
3204
9107
7161
3097
228
3145
4388
6707
1161
8719
1868
6046
1274
6711
1099
5649
3670
3704
5039
1390
7232
6754
6461
728
7703
850
3519
4283
788
7776
5248
8761
3053
2065
8143
5495
8331
150
9491
8473
7958
8278
1954
35
3248
8426
2262
8449
1676
4079
4815
8466
8125
9620
3680
2538
8462
2449
9090
3165
3474
548
6961
3591
1029
3481
285
6023
5534
1850
5262
9572
1175
7949
5206
539
7873
5184
4812
7625
5233
4651
1829
3989
4493
3675
8178
4056
1873
4791
9674
6734
5883
7025
7604
642
1476
3850
1230
6827
1659
658
5220
8689
3752
7249
9862
6048
7684
2857
1456
3508
8095
4338
6366
2692
7278
4506
3607
6165
1306
7967
8335
9159
7651
9931
4048
7162
7764
4776
2921
6445
6193
6960
3113
6474
3384
6328
9906
7294
1451
2833
3930
2984
6030
4520
2112
2623
2509
2992
5285
3511
5533
8311
2082
9378
1413
6656
6342
4336
6355
8967
7527
7362
730
7938
5915
6659
4117
6881
8758
3540
9901
8209
4145
6691
3069
9490
3112
4811
2290
3911
1866
9400
3987
5838
5362
2211
1316
9032
3168
4390
8325
5976
7066
491
2790
6453
9894
4161
3506
6812
5867
1236
2654
1712
9327
7317
6148
4498
8863
5292
3548
8807
9177
10
341
736
8911
4043
1419
708
1648
8513
1265
9507
8688
8113
2928
8433
5483
8196
9040
8678
3878
5527
7771
3360
4468
3177
2669
810
2299
5800
6230
4861
6468
711
2452
7882
9489
7014
846
4654
9904
8277
7983
9541
9372
604
2936
1356
6935
1136
2216
7238
3738
5472
5686
3240
4289
2002
1199
3502
8769
1789
1227
1222
1450
358
5588
3311
7456
933
5967
4975
5828
7850
125
3859
3446
3985
2715
4030
5449
1198
7521
1510
1506
8207
9943
748
7300
828
6861
2949
4008
1280
4563
7126
3407
5885
1355
2866
9666
4621
8148
7296
5121
3624
2995
2997
1480
4638
6509
4414
1266
9232
1668
3535
5444
3767
2798
5587
1235
8960
4057
1382
5794
4075
8090
9386
4854
2982
2894
5432
6536
5634
816
7291
6873
9741
5162
9019
3132
1040
7886
5096
1947
5277
5346
6544
370
5701
9253
2282
3056
5462
7331
9779
1727
8815
725
8875
3162
7158
5199
418
2608
8570
7472
3236
7830
1186
1472
6456
2031
2912
4550
6623
382
8726
8645
4914
5172
388
2143
1177
5537
5576
6721
58
4253
9073
1281
2861
2577
977
8998
509
1976
5631
8219
9364
2642
4365
1519
2340
3460
9645
6491
158
5782
1228
598
5635
1820
2296
4458
7072
5086
7567
7822
9961
5251
8322
1242
5088
7406
1814
4548
1193
3003
2612
9501
1989
9123
514
8816
1447
4645
5340
8672
6936
7737
6500
495
3595
8506
1538
4609
4932
8543
9665
4385
5305
5816
5393
9631
6000
9324
2710
2376
9864
8548
1248
9355
8492
8142
6822
1457
6868
8845
6911
3195
6121
573
905
9766
1328
6042
1933
2206
5987
1188
9425
4681
6409
9301
80
593
3760
4028
3318
3261
3151
8014
7975
3998
2038
6630
8692
1107
8751
29
2464
8749
1773
1831
2956
6847
9784
2775
3063
7076
3682
1807
4846
2586
7377
3620
2409
1804
8004
1362
9270
7110
5626
3256
967
5944
6501
4066
2319
1030
9610
7773
2388
5955
8657
4905
5929
3070
9224
7069
7861
2883
4270
2108
3358
1096
7509
4558
5820
9169
1343
570
4219
4868
9883
8456
1653
8621
9765
3902
4108
3912
3961
294
9718
4417
1126
5960
2734
4865
2043
1590
5244
6856
9422
8225
787
6129
6369
6059
1277
6618
94
8631
9735
8015
1068
4683
7274
3603
4557
56
4188
208
7937
3966
9201
2678
5312
7547
8847
1610
9313
8033
6117
6305
4996
3890
9410
7760
5266
7885
8055
9848
4411
2163
1517
5651
6005
7838
5515
5139
4205
3186
2412
5357
9942
7449
2226
3093
500
3929
2945
8867
2476
1308
6764
307
8937
4071
4021
6694
6894
8930
8343
4049
2223
1858
8085
6594
5769
8232
9611
4433
4748
5078
3522
1411
6512
1842
455
2244
426
9320
4850
1366
4096
2959
3031
4109
7271
7459
9414
2444
237
5551
3465
9756
3621
37
6632
8873
832
5249
9266
5854
6092
4797
2334
7363
7211
1956
6705
3119
867
1361
7234
2064
6101
6419
4485
525
4733
2843
5399
8073
9095
1207
1816
761
9215
3336
7854
3392
1894
5374
8387
9710
8042
1484
5823
6585
8961
1444
5157
6212
3260
5258
4445
9642
5349
3346
5707
2443
1385
5473
7696
3404
9639
25
6523
6892
451
5705
9537
1531
3771
5963
9409
1500
5036
4473
3353
6219
4999
4600
7678
3082
9806
6086
5999
1571
2770
6550
8214
8310
8177
9219
1370
8874
9228
8255
8250
1474
265
6989
8606
2053
1249
3550
4930
4162
6259
6186
6828
7614
7258
9382
4945
7723
6153
6228
7360
2597
145
8230
633
279
4007
9782
1475
3818
8316
2044
5693
889
5415
7186
3805
6673
8658
9927
8211
863
300
798
4074
6349
5113
1828
7985
3831
9543
442
9
4216
3566
3637
1261
2285
783
8748
159
9630
3748
6367
5679
2633
7083
5570
8087
2537
6548
4386
9684
3217
239
3809
6966
8242
2961
8915
3580
6116
5000
3013
3225
3606
4407
9344
9514
2751
7847
1794
2489
5901
1978
5923
8289
5456
412
9679
1778
7144
9174
5765
8756
4383
4018
3863
4015
8647
8900
5091
3004
1137
4793
3719
6756
699
3617
3928
8862
6773
7420
7907
7366
4702
8408
9064
5613
4110
6604
704
2494
9516
7840
954
8204
802
4059
1948
5109
8158
5961
1857
229
2819
7212
3847
3297
4150
289
7725
8321
5852
9359
7476
2439
4102
8248
4220
7304
4464
4402
8750
715
3747
6602
5385
7120
3433
822
4822
7386
6717
1072
7909
8274
760
4721
9004
2964
8573
6522
5100
4967
427
7092
4869
3562
7826
7273
6354
1495
7307
4978
4261
8159
1935
4717
8682
7757
9371
2705
8811
7594
3480
1821
8944
7048
864
1032
4523
8484
2137
8349
5717
6034
6653
9522
8577
6222
9979
8852
4867
3007
7217
9075
953
9041
5122
7563
8389
5949
2937
7121
7184
740
4455
3244
3627
4487
7558
7805
776
6132
3623
4652
1204
976
8654
6066
1714
7246
1895
8432
3174
3856
3341
5029
3304
2941
5908
8166
3839
490
1426
8371
9207
2550
7496
4518
1890
602
5232
668
4111
3329
8257
9762
1092
8329
7105
7621
2214
2854
378
6361
4135
2126
7286
7084
6551
1546
2
3015
8511
536
6777
1611
8066
7192
3729
3626
1671
5729
8571
9149
2825
1431
290
5442
3654
2020
8193
2806
4956
9824
4279
4875
3308
7432
9602
2890
503
1224
4410
8130
9336
1791
2389
240
7320
5448
3700
8140
2474
4039
1922
4047
3425
8947
3517
9154
210
9562
4459
8788
9686
547
6576
7721
9030
1966
1619
8854
2189
4439
3212
2681
7535
9984
1135
498
6009
639
8187
6918
3432
6735
1220
1514
6895
9132
6126
8251
3147
8366
6013
1612
649
5919
2876
1159
529
478
1367
8150
3592
8633
3179
9235
9682
2197
6141
7801
5498
6274
1122
5718
9805
2713
1221
9881
8290
2372
6945
9743
2755
3537
3870
1231
6516
8974
2985
7769
1296
4629
9165
1982
8417
325
4444
6706
5806
3351
8801
4738
9918
2592
7332
6346
3190
317
9376
4710
2571
9454
742
6253
3475
6471
6336
5063
374
7312
8409
3322
1206
9558
9452
6398
2639
8722
8303
8306
6037
3044
1133
5485
9362
1729
3333
7355
8764
4686
8336
8564
5531
3426
9102
3898
7422
8855
4427
4328
8328
1813
2480
2939
4526
8147
8003
3154
1197
5770
2584
7378
5056
7870
4215
8169
7505
6907
5683
1132
4735
9929
880
6026
7837
4465
9477
3192
8580
2387
9807
7795
6716
6388
5264
4054
9745
8957
6238
1049
1787
9790
5736
4837
3588
3999
8959
5612
2752
431
1503
693
8840
6845
7096
1522
5516
8986
8924
522
7381
4592
7185
5646
8043
872
8717
2888
6497
8723
7701
6738
7513
7677
1617
991
4324
7596
104
8496
7152
6829
117
5466
487
8372
6505
6463
5102
7262
2356
4970
4707
8373
7819
458
6863
5609
4154
2831
6139
3230
1187
6826
6027
2879
1742
1258
1998
8848
8503
6105
292
181
2133
4874
5226
4356
219
7079
5213
1726
2457
1554
1191
9755
5107
8205
9650
3892
738
2254
9578
1420
4475
5518
2707
4325
9402
9257
8485
4602
7318
5862
2780
469
6252
6179
2227
7641
163
1963
377
5365
2436
940
4962
7225
8103
4989
410
8369
1985
2580
6045
3055
5598
9742
9731
9888
9973
4034
877
5930
9383
1478
1837
2891
9150
1034
5163
521
4391
5850
4209
7536
4784
2756
4447
3659
6163
1097
2013
2103
3706
4771
6631
1643
6451
9727
3783
9957
293
4856
9435
8360
3557
925
9963
6040
7512
6757
261
2826
57
2658
799
8383
7944
8800
9190
2981
9276
743
7965
7792
2860
9160
7845
2122
1567
383
4199
1046
4634
3891
5695
4466
3084
7250
8443
2583
8241
9492
733
4606
4787
7020
7046
9411
1952
7877
3564
1836
994
3899
5124
7399
41
2422
7602
2159
118
5275
8374
9188
5796
8301
3773
1741
9318
9170
1312
4944
5608
1439
2541
8440
3243
303
1408
4949
3842
8908
7231
7532
1972
111
4853
6901
9776
8405
7427
6771
7063
8069
6578
4593
4682
5289
9857
8729
6062
106
5313
621
5492
7888
5654
9798
6957
2337
9868
1372
8030
52
6887
5224
1180
1834
4160
5015
1585
6489
8610
3138
5703
8586
355
1732
1551
9781
223
4266
7823
2557
8216
2774
8059
9771
2578
731
7412
5012
7997
9635
3231
8089
624
2448
8605
7744
477
7624
1110
9087
2166
8607
6565
5917
2445
7062
4564
7544
1737
5420
5409
3854
7999
2055
9872
6625
7903
5934
4203
1453
7483
4132
7037
8264
9292
7487
5247
6766
5978
2850
1751
5565
4939
3176
4457
2979
7995
7010
8123
271
2672
8108
1584
5777
2405
4863
8588
9130
8603
8740
9732
496
9212
7024
2688
2393
1304
4679
2957
4318
5841
4069
8709
5544
7216
6646
6008
3787
5774
2837
2863
7204
4197
7034
9082
3791
2431
8547
818
4942
4689
3755
3493
298
6246
4950
1838
4633
9860
9576
9136
9125
6033
3702
1677
8401
5933
6041
5038
7900
1075
546
5690
756
931
5197
7608
843
836
1958
554
6196
4287
5223
1387
5119
225
5815
8226
3644
2766
5167
4899
8849
9274
1566
3100
4817
5784
4529
8767
9651
1027
2183
4088
9994
5279
3401
9119
5965
1847
2785
6347
90
9013
6177
1462
6817
8067
3102
9455
4568
2719
6476
2368
9685
8713
7598
6135
5618
800
221
9983
4068
5652
3173
9873
9105
5670
7388
1018
5746
9497
9091
3052
8416
8109
1930
9143
5321
1800
233
906
3695
8520
2738
4050
5022
9314
8127
5897
1150
6669
3781
6670
4064
1528
198
1077
2919
5853
9911
7129
3156
5789
777
6073
5997
2611
4603
9761
2001
6870
2453
3169
2514
5400
6988
7637
9699
8025
1702
8619
4387
2144
2239
8179
6568
7058
7330
7566
4524
1123
1997
3205
7080
3734
9506
2332
617
1710
6280
8183
1147
1416
3596
4503
140
7282
8438
9310
1980
1957
6809
327
7534
8843
6424
5117
2909
1448
1815
6142
1651
1363
3025
7868
9738
4871
2598
9721
5833
5864
8557
6319
2776
4673
5526
8566
6070
9036
5034
468
5506
8765
6358
6296
6974
4988
6493
6171
9404
5290
7114
1273
7389
8320
7568
9243
5173
9179
2683
9910
2670
2989
7720
2335
5201
5942
3075
3678
2342
2318
9563
9717
1428
7862
2606
9464
8254
5688
7051
7702
7969
7447
1473
9293
5468
3200
2201
3795
4969
4004
7089
177
2522
1508
606
7852
9596
5241
