111
294
657
795
791
445
468
650
409
499
956
612
819
343
665
299
214
753
732
516
771
694
913
247
423
975
739
621
543
519
465
863
665
310
715
431
331
806
34
115
740
978
629
455
977
244
505
587
476
770
872
514
870
440
598
149
974
340
805
615
26
334
871
460
480
102
399
837
59
773
254
487
201
455
48
358
982
571
317
812
661
857
749
792
193
638
624
855
722
608
704
909
91
598
253
488
359
647
575
685
718
536
965
568
371
582
89
514
89
285
701
644
871
444
944
325
66
226
595
182
142
20
279
873
192
373
429
600
378
878
301
688
543
586
434
233
315
556
742
314
581
122
978
635
560
32
384
676
107
462
800
250
169
408
821
299
475
802
442
793
404
552
521
787
300
776
678
342
586
912
895
733
944
988
222
470
866
402
215
682
591
382
733
350
71
35
476
879
790
932
400
832
215
747
887
529
569
509
195
253
543
615
778
43
9
501
423
849
119
25
406
844
167
177
505
9
446
178
748
777
193
810
693
178
718
456
507
692
51
561
646
200
791
979
3
351
176
148
517
277
270
494
406
582
591
582
765
569
514
781
127
429
831
650
18
627
147
532
979
54
907
759
21
773
657
577
574
333
191
886
55
267
465
593
782
591
370
521
338
380
842
263
297
912
814
605
265
934
60
284
744
187
329
820
109
249
204
97
399
235
154
329
841
699
876
272
947
324
823
831
275
306
661
818
707
331
854
494
946
810
938
371
720
54
644
235
420
822
440
217
114
110
601
794
97
952
859
764
720
987
223
972
58
860
977
410
465
156
311
756
443
175
755
716
485
528
503
719
638
866
535
606
955
265
709
265
903
558
3
575
122
340
425
905
971
783
782
359
1000
71
77
492
102
685
884
70
658
652
992
276
18
876
871
144
56
1
250
191
398
311
526
206
946
742
902
197
422
626
565
488
869
689
384
156
90
298
956
799
603
909
428
189
505
317
319
240
106
875
79
14
1000
212
841
711
115
802
244
959
807
442
203
865
476
326
501
862
147
355
14
139
237
493
756
292
579
950
528
259
76
681
22
338
192
297
218
796
316
541
590
888
976
538
999
92
346
152
885
918
103
373
868
742
603
394
537
59
219
264
490
569
310
711
344
583
947
901
281
323
756
347
715
164
994
88
470
459
145
706
574
664
164
469
577
357
815
277
434
519
163
410
860
673
199
115
572
902
569
17
119
397
235
229
70
822
767
971
307
836
639
193
991
817
266
415
132
582
212
860
850
184
360
238
134
875
476
168
621
219
87
27
143
624
933
642
318
383
239
572
246
769
482
732
736
616
613
118
651
404
603
598
802
457
382
313
596
301
276
188
678
475
15
896
800
661
200
741
435
88
895
711
425
946
985
386
269
596
752
387
916
343
953
5
839
208
825
816
92
222
646
200
193
961
129
440
469
799
121
371
233
603
956
899
840
164
861
119
219
609
591
469
216
60
93
667
320
472
566
269
775
674
490
475
644
389
703
322
341
183
720
186
266
409
961
138
690
357
231
770
297
189
281
178
315
820
178
468
561
6
341
439
700
313
932
219
351
540
457
480
480
780
990
763
11
607
44
463
105
918
832
290
553
484
747
834
948
365
539
901
239
603
183
461
495
846
78
502
894
342
273
874
363
321
851
982
58
356
613
762
34
129
627
755
215
228
730
894
178
923
30
462
609
168
582
895
460
417
773
779
877
62
338
35
547
332
82
243
686
18
480
43
649
186
304
820
178
709
350
937
48
603
83
358
885
16
327
769
379
571
390
755
264
784
552
55
350
705
912
773
117
960
92
276
728
53
211
914
736
754
855
284
240
64
389
912
680
13
724
402
733
295
432
168
814
277
49
94
103
282
330
381
452
917
923
379
255
705
676
297
260
125
825
279
631
694
79
420
335
239
244
238
405
232
184
338
235
250
32
275
50
482
109
320
68
335
916
664
332
743
919
884
67
631
460
828
886
750
238
232
490
294
820
257
226
229
73
89
825
698
22
284
991
13
181
170
520
562
494
518
897
447
164
498
291
380
761
947
482
300
838
192
940
848
706
779
776
251
862
93
119
901
464
686
629
913
413
888
801
411
398
131
966
551
932
376
261
149
81
725
762
837
322
599
481
100
649
842
206
657
77
537
323
25
110
612
669
142
508
843
328
990
799
102
204
798
804
769
320
172
937
228
435
948
773
760
598
982
795
344
651
631
368
828
517
883
553
272
710
65
575
569
526
171
800
335
452
857
805
782
702
968
764
106
501
211
811
447
260
852
117
76
