3448
621
7751
2118
8181
1227
5710
479
5565
8957
4075
3079
6594
5157
3507
2311
7641
1574
1217
2908
5417
1410
401
3877
4013
6290
661
8196
5795
8816
1762
6720
2594
1451
5836
206
4948
5036
1471
4745
5963
8981
4903
4496
844
6993
4154
81
5219
2986
6100
107
7455
8754
7740
2923
6588
6717
3440
5072
8750
7832
8078
4378
5645
3049
2251
3994
6249
2006
607
4989
4509
4137
3279
8106
355
6416
5860
2362
3618
8697
4443
5396
3532
1455
4772
1040
4279
3257
4089
370
137
1697
8618
8991
4994
3661
7373
5801
8450
826
4159
8963
7930
5439
5933
1975
5710
4695
2582
3193
6402
3844
4066
542
8697
4267
8887
4937
3495
3192
969
4074
2969
6697
8761
190
8635
2168
3984
8537
3643
4578
3709
3752
2876
4167
6191
6489
5810
5084
4213
5488
1236
551
4284
7469
2289
18
5822
1132
849
413
1697
6936
960
4712
2093
8849
2605
8470
7086
8644
4188
1875
7870
514
1810
3477
782
8241
4550
1088
733
6025
1858
3067
3729
4921
8920
897
6257
2248
1424
5152
8089
8283
7120
3749
6248
3025
806
2088
441
1207
3338
6658
2517
4863
3015
4992
6309
5150
3468
328
406
6564
5598
5612
2772
6902
2139
6621
1646
5597
3043
815
2298
3349
6911
4783
2743
6181
4908
516
4188
912
619
1384
8280
8736
308
6142
8802
1677
7575
5076
2838
8972
330
6627
3239
7672
1583
2075
3267
8726
5978
1716
3905
7178
5061
6213
8465
810
8985
6386
8736
3664
7458
4017
7104
1821
6210
5215
3024
7310
7759
1445
7957
1336
7050
6242
3134
3234
2561
6770
2310
6065
1449
3395
6035
7232
4430
1481
7606
2326
6209
5180
319
5011
6727
4977
4843
4994
7163
5709
7543
1221
8149
2367
5882
5117
4164
3942
1853
4743
7278
108
8477
2917
2951
8013
7924
7021
3742
3229
5292
5376
575
6544
4521
640
7152
6953
4071
7947
3131
2879
547
6401
829
1436
6883
8038
1520
1355
1414
8593
3748
5849
425
8828
2064
1881
5310
1088
9
3652
2413
478
2793
2914
2167
3125
6172
1667
149
6076
8137
2847
8865
1961
2294
2671
2917
361
6224
7196
1388
4218
4631
7604
3297
1185
173
1173
8267
3359
765
3372
8728
3313
6111
2637
2598
5294
3280
231
6041
8216
1598
2355
6702
1642
182
509
3636
1653
4709
2489
2464
3001
2310
7610
2456
166
5254
2017
3793
2521
5378
4159
745
63
7979
2650
270
4370
296
5431
5950
4257
2984
2452
7726
7993
2600
795
4198
1470
4689
954
1568
4142
5986
8445
1217
4351
3159
5260
1307
6609
1684
758
3206
6624
7111
5219
3879
4008
4028
4347
8373
1905
3212
6660
4498
5377
3548
1951
3484
2145
3704
6750
3546
8062
1564
1007
2185
5843
486
5875
8087
4663
2355
5857
740
288
4288
6420
8879
1811
6988
807
2441
3788
7143
5846
7942
2880
4573
8821
2140
7991
71
5265
6641
7622
608
5384
5799
4814
4112
5385
1693
6836
2210
7520
1837
4595
1317
2563
1709
207
5608
8352
89
1174
6333
2859
4923
8302
6246
5821
6673
4350
6277
2562
6358
7485
7512
426
2184
4371
7101
131
4133
6804
1466
2861
5794
5093
1862
6728
8500
7846
8786
4448
8591
8234
297
6730
7646
8612
7657
2557
988
2506
6848
6078
6170
7881
6757
1161
8203
7976
134
3774
2818
1449
8670
6645
8869
553
4793
5915
3202
8967
8757
6556
4686
6415
5074
8002
1819
5551
3042
5184
1759
1963
4046
279
4166
5629
814
6785
7588
2639
1037
1805
4302
1487
7224
72
1068
2868
3719
1892
6427
201
7176
2612
4919
1991
6091
6375
2601
8044
3358
3019
179
7789
661
848
5112
3666
3012
7336
7105
613
3436
3161
2417
5033
6091
289
520
8338
1941
8524
7744
929
4010
5473
90
580
4401
1393
6424
4343
4726
2673
5598
6266
8842
1049
4946
2407
2799
3560
6608
636
5852
7363
6130
6640
5492
7094
7176
1271
7075
6185
5748
5424
1060
4579
6604
5362
3769
2674
5344
1190
3423
220
1861
7972
6787
4520
1346
2316
1812
1114
630
8251
2716
8004
7847
6962
1960
5738
2748
1179
4682
8035
5652
8605
8207
1432
2615
6738
6382
5357
1889
2054
6285
6616
5678
4539
5135
7859
1209
5994
3156
1257
6286
1738
3848
6308
7447
1047
8786
7317
1430
3548
6452
5305
1258
775
8721
8210
4162
3498
4509
8321
8886
3769
1846
165
4134
8023
6865
1989
385
6276
1151
6542
590
3621
2615
7458
7888
1884
5694
4855
4790
7601
4714
2825
4398
7908
1209
6461
8291
6609
5450
6041
7730
5867
3567
335
5468
6385
1912
1086
3338
8220
8993
3009
8816
5315
1192
2878
3386
3184
2922
4602
2758
6239
1636
6626
7570
6848
1223
3375
4827
6709
2518
1079
8316
2601
674
5226
1166
7492
1225
1571
4221
7560
2391
5550
5426
8398
6791
5823
2855
5233
4239
111
373
2982
345
8204
156
755
4991
7527
3427
2327
7834
1785
6444
6749
4347
6209
5185
4360
7087
8830
5048
6674
843
1846
5516
8751
6351
3406
6771
7970
8036
952
8585
6570
4025
801
2375
3614
2489
2876
8861
6394
7548
5126
8655
5570
7184
4410
51
4539
3445
3119
1998
1280
3997
8536
2301
3885
3244
8311
8190
3721
8151
6029
8853
2488
6810
4944
8627
4308
8944
5831
5310
2072
6498
104
1992
7718
3092
8379
3039
7057
1248
7492
2375
6600
4068
6697
3229
1898
8508
2078
3723
7193
8746
382
7653
6561
1197
7764
8894
1444
1121
8760
6576
3432
1537
4758
781
5875
8169
205
3957
2456
836
3831
3090
527
3658
2844
4962
8354
1385
700
4921
1220
470
8266
2795
1442
1553
679
5526
1826
7590
6472
8020
7092
184
7688
7760
2120
2317
654
7731
1803
987
2660
6666
2453
2306
3966
3434
5778
347
3717
4992
5978
8625
4523
1196
8537
1745
1837
3029
238
5816
478
3362
6663
2273
3415
7685
4347
7359
2488
7237
447
1533
8495
6827
4284
7612
7066
429
5917
4158
1295
271
8382
4873
5770
5413
2626
6866
5705
7109
6792
599
2743
2693
7263
6289
7650
8383
8862
2587
6825
6401
3082
7291
8936
6945
6823
8543
7882
1187
1637
8765
5911
7498
5914
5230
5311
3293
7725
2613
4455
2113
3384
542
7478
671
5894
4385
7856
4702
2410
5744
104
6750
567
2605
7574
7262
1135
2854
1597
1633
6144
3107
1311
4641
2254
8287
857
7517
1440
6255
2753
8566
5290
7485
5880
4291
5459
3792
1606
6199
5159
822
979
2867
251
3351
830
745
3143
2619
4567
5831
6965
8009
3734
8046
2563
7463
5963
6659
2490
2887
3352
8867
3404
305
5992
1165
5606
2990
4928
6581
6761
3937
4357
496
6800
5239
6371
4178
2880
2116
8304
3320
6295
641
5630
4930
6779
7396
917
7761
2088
1988
2198
1166
1643
6426
7979
2258
297
4591
8385
5459
3758
901
5168
7618
7242
1959
8827
7766
2405
3639
5215
5240
8968
7854
4992
4328
5232
6411
252
1384
7584
3300
586
8223
4963
429
8609
8685
6433
924
6367
5436
1350
7635
739
5936
5958
6590
5313
5713
6251
7623
7606
7285
1514
6160
3455
4638
2859
1002
5143
1718
2347
2580
5829
7745
4780
1106
7022
6145
1649
2440
5877
3609
7361
8144
7349
6094
6371
3628
8771
6133
3529
63
761
4263
7592
7521
6973
8082
2145
2999
3950
319
365
1215
2281
1571
4050
5648
526
916
3356
2497
8701
8503
4527
173
8528
4358
2447
1539
1786
2692
3829
4365
4301
7987
5516
741
823
2584
5494
6699
4937
6708
3071
5566
6818
419
3128
374
7108
1097
4268
640
6429
4076
4045
2230
2218
6570
965
6291
7565
1692
8064
5279
5278
1245
6264
1379
8898
4856
4562
5367
8036
5372
1072
208
829
8910
675
1245
4733
3641
3725
8034
5847
8163
7828
2192
164
5884
6340
3473
729
5804
7583
2756
4262
5504
2186
4413
6578
3513
1853
2413
37
1446
6537
5380
2226
7473
886
4649
1163
503
4788
7806
3615
8523
4280
2640
5950
4036
8617
8851
2126
1072
8692
4196
3801
5215
1766
4227
7379
1025
5091
7535
6465
1147
1294
4957
3453
417
2660
5751
1168
4156
4586
6458
3610
6903
4308
2778
2118
6411
437
2993
3988
781
5992
2601
2133
868
4109
1315
8392
304
90
6149
3211
6739
7490
3595
7049
5899
2194
4062
306
4345
7022
3510
3956
1493
4753
5190
411
798
2504
4953
3199
6996
5872
5219
445
7526
2569
4612
6664
6422
5114
4984
8038
6845
3868
6691
5431
5211
2318
5205
5870
6672
3942
5370
1008
6846
4146
6358
6009
8159
7325
1191
4839
1525
3924
7624
4868
3241
5685
217
5989
6526
8526
6061
5446
8400
444
754
7537
3198
6489
7767
651
2520
8134
2489
4965
6517
5686
4995
1622
6678
2884
5380
5333
7673
2438
8305
5632
14
1700
8164
3407
8810
3678
1135
1561
8577
4941
3144
1617
6940
622
2365
2342
2140
2564
4015
2710
7786
4946
4952
1813
2321
7959
2671
4392
6247
7944
7941
1922
1196
8406
5613
5318
2332
5022
481
8342
4864
5013
2277
2351
3939
5400
5152
7493
1416
678
7017
1066
8689
5832
6616
326
8187
468
271
2188
7973
5890
7940
5077
4158
5507
2863
4947
4587
2473
2644
2421
274
4611
8395
1554
5236
2325
714
6615
5669
2147
4486
6783
2189
1999
2552
23
8975
497
3126
5934
6586
5535
444
8887
6421
5528
5265
4840
6281
6397
2260
3810
616
3582
8686
6988
3172
7022
5427
3190
795
7421
3834
5853
8553
7938
1101
5332
8720
1642
3221
8238
5526
2813
5151
7115
1998
2491
2943
3789
1877
1773
2534
6626
6089
3859
6548
4006
4867
4140
2687
7278
1341
1680
1570
610
5353
8348
5661
7565
7673
4660
6439
6786
6237
3264
2101
630
6494
4379
880
2948
4668
5445
2618
6216
4562
2197
8124
865
921
4438
6712
1996
2055
2104
8462
8282
3199
965
314
4305
4543
1957
2775
8945
261
8329
4913
4120
6686
6757
4812
3842
1901
8698
6686
6757
8734
8396
2464
907
1758
4305
2684
1802
4096
4177
3016
8081
4710
1934
6364
7206
8879
2663
7067
8891
1930
6105
6919
1268
93
8359
2358
1807
4043
823
2547
2693
5084
8083
5077
7297
8733
1408
4058
5695
3399
3942
477
2778
7791
4515
8142
5944
8009
4371
667
7266
8507
597
528
1729
2221
571
1817
7295
6550
7905
375
5480
8010
6418
7376
3482
2032
4338
8430
3780
8290
2316
1708
2231
3544
5202
7422
2422
6265
2426
1455
6274
338
8570
4506
7305
3340
2737
1871
4336
4235
3865
663
8071
8944
5084
374
2910
885
6782
7661
2315
4953
7649
8956
8254
7960
8826
7924
2452
1691
5823
8940
7561
6545
3507
3691
2170
3399
221
2417
1757
1784
901
6338
8985
223
7765
1450
7361
4407
286
367
8589
4873
6209
6996
1655
2790
4278
5577
1588
6316
8415
75
880
6470
7952
7326
5449
490
2429
727
3751
6305
1636
2819
1404
3121
660
4809
6059
5490
6163
5654
620
6705
3001
4071
1061
5042
4561
7695
5382
6544
8515
8111
1294
5574
2537
3404
4339
4579
1790
6114
1978
3353
8367
8043
5915
2376
5208
3771
4327
1888
8251
5291
6456
777
7015
7760
5982
4098
8603
1704
2371
8564
805
1086
5685
3357
789
2079
8904
791
8488
8665
960
2574
3385
6946
4748
4886
5197
843
885
5488
380
5000
5669
8014
4927
7201
5133
3099
6189
4463
1774
3374
218
5064
1494
7804
5806
5796
4804
3175
8436
3716
794
8438
4678
1553
6149
3728
2447
7139
5171
6244
4139
5707
4167
8840
1065
7932
8332
893
42
4767
212
7209
3893
6330
3669
2520
7414
4716
2615
3022
3017
7916
8450
5908
244
4338
8896
3214
1427
2882
8381
8325
379
7786
370
6249
3313
2928
6055
3731
7729
361
1635
4536
6542
7876
8053
6533
6439
4254
5845
2261
4394
4145
5385
3957
7026
2910
2116
1893
741
6588
2696
8467
5202
2217
8237
4151
708
4489
5810
7555
5062
5663
4976
7470
927
1915
7077
3653
6247
297
7507
4568
4954
4392
2646
7178
6704
5810
514
1312
4123
7949
1462
7055
4416
2491
1674
7002
8218
7476
5649
7852
4103
7959
163
4469
7039
3597
4367
5893
3355
2395
8142
8573
8286
5967
8735
4122
5001
6074
8141
1110
5605
7734
8123
1063
4691
1803
6477
4826
8286
254
5432
6888
5573
1716
4357
7526
3897
5997
1883
7708
894
811
7469
6716
3605
859
1046
7176
842
8440
2814
1024
2703
6421
5733
8776
4066
85
8935
2441
530
6584
1359
1679
8580
514
7294
8927
5587
4493
4667
2916
1606
4130
1630
3338
3242
6779
1988
1791
6133
2540
1869
6193
5323
6074
864
3571
5372
8403
6453
7768
2402
8148
3144
1745
4768
8036
3273
7425
7831
4954
1460
7359
7322
59
2687
262
7415
4547
5934
5697
6844
5398
3422
8840
7457
8533
6909
1952
4571
524
2055
795
4943
960
1394
2925
3057
7241
4251
6405
3344
2634
3148
3524
4088
8370
4617
7616
1219
1919
1636
1399
6683
5043
7405
4432
1712
8564
1145
3899
1859
5925
8562
4245
2803
7651
1801
3032
3510
8676
7941
5804
6957
50
5265
1489
1146
7281
4663
989
1983
7433
1542
3566
2458
8663
5693
1474
2113
5995
6977
1769
2917
4501
2106
1418
8627
684
2221
628
5024
4062
2842
3351
8734
7629
6242
5815
6793
1794
533
74
5898
7131
1732
8326
816
1339
1608
7148
4563
8442
7270
3427
7150
6074
6593
7165
2386
6308
7413
2732
5027
500
5895
4411
7336
8960
6755
7885
6366
7281
8348
3876
5570
2882
8490
376
7037
2841
5625
6742
1303
8107
480
4831
2741
4609
8931
4822
8241
6007
7878
6947
2003
4016
7162
7876
4313
8055
1923
4828
5040
3725
418
2863
8964
7129
4091
7889
1526
938
6355
3865
8321
350
6728
4702
3739
6713
6814
2654
5224
2536
294
7796
7980
501
5520
929
891
8940
4744
1659
8499
8818
933
2430
4825
7992
2114
4075
5879
7569
6300
5593
7561
5918
2594
3816
2662
6619
2733
1206
7509
4766
5921
5978
1198
8378
3872
5080
4555
575
5941
230
60
3043
6298
4547
370
5472
5377
3050
2373
5653
8026
4194
3972
2916
8933
4038
4676
7877
6631
2250
859
8312
1054
3366
4282
7653
84
3168
2929
4244
6307
3678
7044
554
8881
235
3140
5750
3450
3482
1683
8034
8115
4805
5162
8500
7145
6441
7099
7487
4060
5288
6409
6705
882
3601
4573
1163
8765
4434
8413
4031
8958
5765
4439
6647
7906
7248
830
8813
6580
1267
825
8950
7476
2001
1067
5148
8205
7504
2603
1895
8853
2115
6831
599
5986
8802
6424
89
6875
4943
6516
4537
4887
8299
962
6529
3427
1201
3979
6100
5656
3929
7193
3723
8044
7321
1559
7626
3365
8073
2055
6076
2663
1261
2072
3886
5905
8632
2244
5446
6084
7092
7240
1092
4533
7162
3646
2369
1290
6707
103
7146
832
7320
2507
8439
5570
4815
8700
1543
6550
4031
6517
8966
3844
2712
3315
1611
3398
1767
2886
5309
3830
6239
4462
8529
5230
5858
3821
5515
2638
2213
6839
4899
8265
748
5547
6675
5299
2106
6614
184
6196
4366
3356
2418
6181
4492
1464
399
6476
4728
1362
8783
4497
3946
6766
4639
3876
419
8561
6516
2717
6276
187
3994
20
2024
8243
1556
2419
735
7028
7808
3360
2130
1908
6420
2258
3995
5218
7493
8206
1177
6377
2202
8553
8735
905
7055
8375
4139
8939
4014
1608
1009
2902
5022
3324
4270
6492
5665
1680
8742
3693
4067
3993
5120
2222
6057
3905
8583
8008
2107
5458
4136
52
6284
2912
2878
4634
5559
5580
64
8482
8355
6183
978
2233
395
6203
1579
7295
7402
7026
7474
3600
3854
7153
7046
360
6727
7589
6744
7353
7809
862
8536
5903
4407
115
6120
6954
2004
3602
3396
837
8528
5944
1533
2754
1188
7621
6095
8560
3765
4931
8385
1314
6853
4389
1329
7480
6299
2825
7247
8885
1510
2393
8630
8163
906
6215
8530
7031
7240
8414
8446
3676
1216
823
5909
8533
8890
5627
4291
4594
4553
638
3311
6080
1057
3178
2972
4195
8912
2688
6020
4079
4372
1259
8916
4711
3210
8920
5142
1070
4714
4710
2790
672
4668
45
4466
3805
5955
8369
5862
1106
5078
5945
5958
5919
1785
1284
3748
6464
3786
1681
4998
5406
5996
5887
6598
5629
5043
8712
2957
8641
2072
8025
8873
683
1136
1884
3639
6329
4092
6745
6229
2259
3303
8997
8215
1119
7818
2168
6902
6055
2840
7244
2249
6483
7546
2013
638
3802
6310
6650
3259
850
3669
1543
6514
377
917
6262
6079
4460
182
510
879
7212
1090
667
1756
7357
914
4370
6248
2554
4755
388
8149
6219
7476
7548
5434
6558
4410
827
7692
5519
6493
1582
1498
6236
453
791
6257
6513
1272
8734
8048
3482
1188
3801
2832
5323
6759
6513
8206
3756
7234
8691
6465
341
6900
5506
8327
6073
2441
5128
8443
7857
6738
7465
2096
6305
6471
1527
1916
7887
1480
6442
5713
7992
6422
2910
3672
383
197
1464
3570
4674
2819
7789
4623
1173
3364
6261
858
2300
7747
2141
2960
8047
6403
5513
6247
8301
2077
4579
6709
7530
8320
6176
7536
2603
6906
5622
8031
4454
8142
1295
1528
2761
3527
5732
8809
6182
1002
297
4146
7557
4893
4986
194
2519
1199
2469
2256
1485
8546
4258
1209
2926
5121
8457
6694
8536
7868
3727
2908
6018
8322
8649
5207
6777
1901
4402
974
8604
7296
315
578
5142
5065
5630
8936
683
62
5215
4077
5776
5462
5394
5928
5247
4749
8820
5946
4188
4487
5582
5182
8347
3518
2899
3366
4475
2365
6983
2228
2495
960
5287
2139
715
4399
310
7079
5046
2081
1126
8927
2754
5603
4463
8149
1526
8623
6479
8876
6915
5904
1628
2060
8677
1015
494
358
8891
4840
5620
3865
5166
8070
1162
6499
698
5271
3443
7719
6082
4562
5275
4449
4939
6797
2699
8247
6544
6684
5281
5269
6527
206
7289
1767
6327
4535
2841
4473
6492
475
3366
2976
5447
260
3498
1772
1279
645
4835
2133
3963
7799
1553
5065
8860
4227
5040
2866
2773
5508
713
957
8047
5719
1211
7477
5443
6407
1087
8191
592
868
5990
8435
7234
6171
7878
8293
6006
5587
8995
3776
6643
3471
6183
3540
2802
3992
991
219
4943
1548
3340
5108
8944
8546
2249
4976
1485
6215
6786
5903
7400
4628
8276
7380
4332
2806
1766
7189
8737
2003
5886
3171
8578
3959
7024
7111
4327
8553
8391
7036
4429
5744
6710
1084
8606
2861
5396
4867
947
33
7425
7923
7225
6311
6856
6425
7300
4061
5073
4642
1455
7486
4380
5848
8121
5797
6033
4771
1787
5155
4334
1753
760
5064
5999
6620
3454
2338
667
346
4530
6817
563
1477
2399
1772
4297
4017
7957
2210
6370
3710
5012
6309
8861
3033
8696
1010
6621
8276
7019
2602
2979
1835
3646
3786
134
4720
2419
4458
5717
273
3521
4130
1279
8928
6656
7178
6483
3775
4381
3916
3734
4554
8659
8262
3230
3880
4394
3390
7235
1500
6957
8729
5123
1044
2970
2573
3468
2854
2028
6002
2963
927
4719
6112
4642
5683
7190
768
2774
6413
4521
6716
7108
8707
2031
6010
4200
4949
11
4856
4221
7504
2882
5901
6143
3270
1791
2534
936
7165
5849
4529
6189
3681
6644
222
7725
3724
7927
111
3652
5017
4746
684
4166
8265
1140
5345
4664
1640
7890
4925
6517
1693
5687
5603
7668
8965
654
6547
8998
4572
8592
4286
5136
8958
1229
3094
1708
3404
2885
2921
2293
8494
7175
6031
156
7651
6922
7343
3408
6248
6417
473
2814
1440
4101
2476
254
3419
4413
51
178
1705
553
6848
1917
8441
2546
555
7969
6923
6565
1921
4869
1553
6918
8000
3391
5423
2042
8360
3335
2349
4136
6163
5647
1464
3832
5836
3634
5739
7853
6677
5531
30
8182
5882
7293
3709
5596
8493
6019
253
8571
8348
6486
1150
1821
3192
7057
5682
1319
6429
4021
8827
543
3547
2648
6161
2244
8787
8280
3303
1125
4756
1399
3756
533
5731
3172
5005
3987
5636
3045
3914
4412
5780
8919
7808
1535
6002
3583
8416
7278
7673
6018
4230
5918
8097
429
8921
857
1098
7153
1819
7892
5555
7917
1876
7236
7894
2424
3763
3069
7235
945
2931
7378
2884
6050
5311
4723
7992
3676
5497
668
5311
1639
6050
1655
2154
5532
2218
3854
1567
8829
7915
7365
1822
4090
4909
8265
3500
8079
4640
7823
2582
817
1334
1128
5394
3099
1737
4926
2071
1123
3344
3055
6665
5773
5730
3196
7392
8296
7922
1206
8072
8972
193
3685
3106
8614
8292
1200
8038
2017
1750
943
7664
4072
2721
916
8683
3456
6316
7798
1411
8132
1979
1850
7178
6445
5577
6745
968
4508
8582
4965
2184
7912
1793
7441
2279
4786
1532
5649
7233
3798
5211
4429
4386
2806
3749
643
8218
7618
5734
8350
2451
5031
8644
6767
1729
4346
7307
1694
8176
911
6485
7929
600
38
8037
1370
707
4805
7931
7123
3205
1175
5677
1429
6776
6670
4741
4019
1914
5107
4079
7896
6183
1987
6870
236
603
6362
6726
7821
8453
3429
8141
4403
8872
4054
4330
824
4406
5873
6936
5895
5349
4159
5239
4962
3530
3279
5097
7993
8105
3210
2819
7259
8563
5095
1033
3760
4410
2624
8729
5746
8174
7003
7720
2411
7223
2419
5533
3655
867
5486
5491
3191
326
6160
8427
4447
7966
4195
6732
7605
5071
449
8504
5378
787
5408
1479
1452
4343
769
7465
7309
590
4906
4606
3364
2307
5239
4951
6586
7011
4284
7201
4777
7094
5078
1098
6657
6298
179
5867
988
4805
1193
3300
5609
4364
3624
4780
625
8672
1616
8107
6317
636
7710
2302
4358
7030
3463
5156
5085
1745
852
3956
7716
4788
2134
7493
1456
7898
6322
7706
2553
5869
8350
7006
1676
47
1834
142
2862
5335
8083
3725
1808
3442
417
3662
4272
204
7725
207
3240
4762
3833
5001
2511
581
4723
3059
1032
8824
3988
1290
8281
5728
2622
6397
7391
1590
3
6888
3818
1137
6611
8196
6140
8145
7714
7428
7615
2611
2000
4844
860
5755
6019
139
258
6578
3565
5972
8456
2202
4724
5204
2219
5178
6134
880
1732
7151
1973
8577
2310
4258
6416
2422
2071
3854
7727
1917
4031
7422
376
7851
4243
2675
2319
18
6306
7016
6607
5094
3803
1228
754
855
7167
7784
2866
4402
2868
4112
6250
5063
4190
1186
4567
2857
3015
7703
2249
6329
4729
7603
3272
5270
2306
4701
4959
8649
8405
8629
4117
8244
8012
5880
7639
386
30
4121
80
3475
5644
4141
4000
2783
393
2807
3644
1395
7005
7573
3651
2388
1693
8518
4680
2390
5088
5595
1529
5762
6872
1065
4301
5119
8534
769
55
3094
6203
524
454
5275
6340
5025
6355
4766
5159
5576
3304
7423
7418
3454
5091
8387
3030
7188
7643
6356
7529
2556
3580
6635
1822
6211
5727
4566
1375
1464
1697
2561
2627
5913
7698
769
2133
7486
6183
2378
3397
4455
5505
4677
1537
292
5882
5154
4034
8296
4924
4499
4969
5391
7667
4079
7314
5537
7511
5164
8337
3005
992
8446
4619
8096
6615
4018
8676
925
1334
6816
3908
8463
1078
6343
8280
4995
8912
7527
804
5971
5215
8432
3513
3082
3810
7032
4537
8383
5045
2233
2321
1787
6712
421
6982
8175
3480
3722
4320
2901
8445
6040
302
3989
1989
5462
7195
2244
6099
5402
2451
3908
3411
7318
5924
3903
5583
5241
4849
2614
8396
7158
8384
3429
6554
404
529
1088
7085
5789
4817
1071
8635
2047
1047
5179
6151
3180
5196
5264
2536
1250
4640
4403
602
3864
4914
1735
3579
3220
1855
5517
2600
6376
6075
8656
98
7789
1319
4699
1526
4312
1459
768
4800
2939
4154
4214
8295
8256
4919
742
3400
3976
4472
7838
8847
7215
8623
326
8943
5623
2964
386
4174
1897
8609
8675
7026
4048
1193
7117
1849
7833
724
2890
6692
2206
6309
3712
1959
2766
6555
8787
7440
2659
8418
3797
2103
1380
8497
6065
7020
7
2354
3937
8875
3097
1784
6816
4565
3433
7613
2213
6914
6843
6359
1284
4338
4625
7693
722
964
8516
3599
2976
4187
1279
232
8442
8224
1841
4451
3820
5060
8316
7839
245
5119
6502
104
3003
7091
2163
7836
357
1356
3286
2835
6097
5992
5506
3815
4170
7990
7500
7519
6271
5571
64
933
2819
2208
6797
106
991
8885
3833
7771
5047
5161
286
6814
5635
2795
536
7669
8521
7954
1273
905
4911
6152
5962
5745
2725
7848
1996
5479
3726
3793
3706
2142
1040
1160
5327
5816
3465
6751
6394
5927
5298
5319
7279
4724
5882
5847
7731
7368
3481
6119
840
1788
3368
1336
8296
548
1198
5251
377
8597
5113
236
1911
7429
5626
5056
4509
8919
516
2481
7742
56
8362
6408
3595
1480
4660
3793
2001
3619
1784
5604
2134
3186
514
355
6852
6958
957
1679
4167
7983
5353
2039
6983
842
273
2979
3944
8205
6508
3877
2646
2826
6734
8223
2351
7958
171
2974
8756
8998
7564
5473
904
6525
1058
2331
4826
1343
8273
3121
8829
5654
7080
8241
5913
5265
2244
2345
1617
4799
1789
6698
6551
6331
4601
8437
1361
1372
8373
7037
1090
8752
2435
1814
4380
1706
8615
1400
8167
3069
3221
4023
1653
3515
4804
8345
3680
1215
2152
3707
1462
3219
4739
7254
8744
8514
3521
2641
7200
6448
7898
8024
7930
1905
6678
4634
6662
4008
5929
7184
6979
5063
1700
3783
4571
2848
2029
6591
8027
554
6642
1223
585
6372
5141
3564
2466
5501
7313
8756
1581
7437
6633
1340
7829
5336
7496
2339
6315
8067
3059
1741
2084
982
8235
562
8551
7319
5012
3005
3652
3818
8978
6736
4662
1265
1465
5694
7944
1758
7957
2331
1970
3584
3379
2735
7098
8562
8230
2819
3888
6619
7371
2943
4673
4583
5448
454
3176
157
6962
4840
2780
3571
1040
545
3390
39
6842
1595
4495
5286
1456
113
2424
752
3289
5930
2890
5522
387
783
5755
5683
3295
1416
2933
6606
2527
6780
4509
8862
5703
6858
8194
3624
743
2495
6555
8406
8666
4221
5871
8622
2086
3031
5417
7130
3344
8872
2686
2897
6940
2662
943
4444
7659
1494
8787
8615
7601
4551
4853
2192
8364
5617
5445
1237
2716
8229
6832
2239
3521
318
8989
5462
7979
4419
7910
7406
7567
665
4439
5567
2966
3340
1963
2726
4502
7532
6657
7824
7432
4263
8092
3559
5975
4853
8529
4189
8196
7206
6019
3743
6766
4480
8153
1474
8230
7225
57
8328
766
7676
6143
4995
126
7322
3730
1166
4113
2595
1249
3313
7381
6590
8810
5545
8419
6822
8166
8457
4353
3946
3497
8513
648
717
7568
2386
3006
3241
2806
7532
8924
6207
1794
6527
6079
3778
5416
4866
5466
7763
2978
4566
1167
2848
5211
6547
3199
5146
1636
6942
8842
869
6112
4025
8340
4655
33
5169
4949
8105
3123
7469
8044
7022
1290
3535
801
624
6209
7128
3498
7290
7192
2891
5853
1793
2413
4185
2424
2248
3276
408
7036
8251
1872
1726
8929
7106
2088
2280
3608
2473
4372
3881
2517
1803
2893
1192
3371
4384
4349
7345
5484
5645
147
3904
4283
5034
7234
732
8011
8857
1178
2155
3518
512
1290
3945
6327
3022
8135
7873
6908
5671
3275
48
5317
4471
3591
3519
4265
1156
6519
36
383
2520
6238
7209
8371
8443
1904
2888
450
8867
6020
6785
6611
2482
7166
5259
5947
7484
3335
3399
4106
6478
2442
68
8799
8143
4536
1790
3007
5210
2738
7516
8360
5730
6123
5284
8472
7794
7902
304
1924
1470
502
1919
7541
8686
7118
1949
2301
4837
5521
5440
1822
5401
368
2537
8106
5895
1053
4164
1104
4778
5696
1164
6902
3751
5968
1654
93
8323
2697
1269
8268
8524
862
6555
3125
2929
7926
3274
4445
251
3377
4653
7314
6358
5905
8023
6158
3626
5952
3433
3771
1506
815
8983
2889
4718
4737
3865
8707
3459
164
6567
1095
7791
5281
3888
402
6581
1330
8912
6824
7041
694
1377
320
4413
205
5172
7620
423
1004
1863
5528
5599
4950
5713
3799
3616
1613
2594
659
6198
6440
8167
2745
5288
4334
1994
664
8315
7226
5498
6866
2076
3642
293
1268
3021
4765
1114
3990
3136
7907
8505
1713
8259
4708
8326
8910
708
7202
7205
2464
7561
7831
1623
4500
3701
5177
7273
4321
1987
431
3062
8063
2250
1207
5314
1912
6788
5208
236
13
6956
6663
4611
4700
6758
778
630
8715
2539
4121
6516
6680
4321
2686
330
3182
6074
5377
311
4500
4732
5004
349
5103
5094
1769
7175
1524
5371
5408
2040
1028
8448
5328
1241
7552
7118
2700
6033
3810
3662
1024
8177
2220
8869
8396
1772
8331
4062
2745
866
2276
4467
7775
3928
5447
2759
3995
4942
3846
3945
267
3523
3195
74
3122
1443
3845
5307
4906
6067
7809
152
2676
5359
8458
5572
4168
508
7687
6722
1196
5646
4059
2967
1467
2666
6116
3720
1943
8335
8431
2996
6903
5683
6205
7121
4435
5466
7089
1020
5588
2098
5418
1046
4738
309
5565
5359
6525
5498
6201
1993
4940
6545
8282
8536
8189
2148
6480
326
8255
4596
3848
7156
8633
6559
2743
5858
7321
7828
8029
1450
7489
1408
1429
8352
8389
145
5645
64
7955
2279
6607
6553
4982
4696
6185
7872
1604
27
7370
7730
6315
7151
5515
1272
6180
914
7313
5709
4869
2277
7289
6619
7173
667
3199
8133
5907
1318
7673
6946
574
2785
4257
3049
5589
2093
7069
8715
4538
192
2951
1870
4665
8848
657
7129
3981
1087
4307
4094
8331
78
3375
2206
8645
1933
5413
7071
6843
4055
5655
63
5931
5194
2810
7327
1269
1144
8846
6238
1625
5691
7750
2117
5933
1695
5040
3146
503
4098
5268
7361
7468
5459
4861
2987
5125
6066
2882
8648
2190
3112
8036
4437
3258
3216
204
2398
527
8368
3743
5171
3751
6314
7909
8375
35
5990
2573
3360
4752
211
4498
388
8258
1126
4499
6525
8013
8287
4091
1138
3052
6385
2966
3578
1678
8184
762
2893
2219
3274
5819
33
7318
1300
2597
1330
5198
8978
6848
5801
1900
6207
4046
7082
814
8583
7803
1664
2498
3949
2299
6245
7460
5206
685
1871
4974
609
6678
8554
5144
4928
4074
5239
1024
665
4579
2891
2127
6360
1142
877
2921
2747
4819
4459
8344
876
4518
1527
114
2791
7239
4529
605
3494
6520
4666
86
4284
4133
3080
8940
6494
6946
7280
6488
6057
5126
7231
479
8310
5349
1508
4642
559
8602
1145
2367
5660
6769
5368
8598
7085
5940
2440
8582
8694
5932
961
3741
7739
1311
6366
4051
2792
6936
8545
5876
8997
2667
2585
3460
4916
1041
5956
8076
5901
2671
5247
69
7005
8643
158
4478
3000
2154
8696
3606
799
4031
7969
4171
6312
2030
5470
3954
2633
4434
1081
7957
4659
2223
7169
2989
958
4418
7079
1441
8906
4492
3620
6913
4467
8500
4110
1675
6027
2842
8319
8101
624
6583
1440
6833
6316
2871
8506
6035
895
5583
5794
6910
4769
4356
168
6597
3483
1616
7530
7184
7191
8088
2706
4243
6213
5727
3594
4018
282
7826
1812
3455
4002
5723
987
3900
1671
4664
8301
833
6304
5016
198
8117
8271
1092
2950
4024
5831
7754
4901
4272
4096
2999
233
1559
1957
5917
5517
7938
378
1095
8398
7278
1279
8505
6183
2592
6227
3674
4423
7119
2976
4893
135
3320
4319
2441
4897
4826
2043
1169
4326
8775
7164
2842
8745
7902
2626
4420
485
8638
6127
1560
3905
6831
2273
8079
1293
8419
4810
8745
7988
3599
354
6549
8501
6618
139
4542
4033
5568
5424
6224
8225
4735
2982
7386
5135
2100
1042
1123
7076
7937
3469
493
5086
6275
4774
7089
4004
202
331
6272
2135
6278
4853
2761
7528
6056
7786
4732
1286
2541
2919
5163
3338
1602
7200
7103
7472
536
2954
2807
8117
6604
4716
8536
2305
1079
5287
3876
4590
3823
3420
5618
6824
8825
5641
1117
7339
4881
2887
1270
5731
8931
8293
413
5551
7496
5727
1483
6278
7019
6754
1543
8692
5803
4922
2106
1308
3850
556
1881
5530
7225
3976
4495
8330
2414
5087
2128
8324
562
7138
5798
7132
3794
2093
5750
8808
8577
7062
8937
2167
5298
8530
4114
1418
5039
4744
8331
5583
7772
6049
5796
2530
7818
7366
7388
8221
3509
1250
6943
7081
7250
4244
2495
2849
8900
1320
6791
6488
4563
7760
4035
8327
6091
698
2200
2616
8531
6509
8120
958
996
2390
8763
7468
1682
7521
6868
8982
288
7834
4416
6308
958
7487
3431
8827
6825
1664
700
2623
3729
2668
6693
245
4295
496
6477
8624
4791
6645
5793
6006
5255
165
4872
1382
2846
4990
4023
2291
7022
6461
650
2135
7381
356
317
1976
6326
4590
349
3368
3507
7628
3647
517
2311
8495
5352
4996
8947
5950
8528
4564
1777
2467
957
4164
3164
2678
4518
5328
7581
6822
5011
4378
1185
105
7631
3867
8170
579
656
1069
8117
8610
16
3380
562
5877
8562
7044
8017
4420
6061
3899
3467
6285
1135
3900
481
7783
482
8020
5165
4825
5680
4953
2110
6851
7063
1686
5709
6670
3502
2399
3734
5521
7793
7731
1834
4856
5931
271
3107
7069
8902
4250
4467
3927
721
98
6428
7782
2451
5817
3681
7258
1429
5057
345
8006
8003
3699
2182
814
1266
1363
7032
5106
777
1464
2217
2046
8298
4412
5601
327
6961
1367
1105
3179
6408
3675
5010
8485
1937
7848
1579
5112
8608
7431
2985
6135
1966
702
2811
3563
5146
1745
5620
8727
7362
1198
2572
3506
5525
4370
2157
5634
7621
6027
4979
5191
4117
1807
121
6737
5846
3341
7682
8783
7916
7263
4080
3171
4204
3269
6794
7464
3712
2493
8705
3190
6531
3896
2147
7424
4883
2429
563
6640
5867
1143
7393
5298
250
5979
5116
6266
8684
7123
4667
7421
4131
3718
3459
2843
8606
8229
1780
1631
6944
3368
3868
1435
1592
8438
8461
431
1848
4271
233
4262
2767
7436
4448
4641
6458
434
8976
3701
3630
4531
2622
1309
8896
3535
7942
5581
6922
3748
277
2511
1075
5791
808
1506
190
8630
2835
6520
5890
6772
7079
982
557
270
2608
2590
703
5634
5090
2006
434
839
2336
8377
7630
2804
6287
1820
7338
7025
8316
6637
8771
8409
2704
5825
7898
6673
1484
5186
1909
3782
81
5110
3526
7891
6575
73
385
37
3692
1832
1977
5987
2014
5195
981
1876
8352
4889
2197
340
1541
7533
6886
1051
3528
8663
4962
3785
4056
1892
8036
2226
2634
1797
8652
4886
8497
2787
5382
2327
7504
1792
1429
496
5296
7197
2235
2993
5127
8978
519
8532
640
4222
5791
6757
4093
7905
7920
1868
1208
7599
4421
3940
2656
2430
8658
3153
7402
7095
8262
6027
4352
5687
4536
2969
859
6533
6750
4672
547
8121
727
4209
590
8513
5416
2788
5932
2869
8080
7981
3148
7007
2328
6263
6040
7651
7501
8327
1711
7070
7361
761
5485
1317
7815
8150
7289
5809
569
3117
8126
7469
2398
2443
7810
8430
2386
1918
4654
4739
6928
2532
2587
7902
886
338
5283
6136
4359
2718
358
5812
8527
1525
7810
4528
2598
413
8800
4791
8889
1334
3242
1578
2399
6078
7696
4129
1494
7878
7848
6267
7660
7025
4788
8147
3379
5930
4868
2541
7479
4769
6431
3601
3448
2643
6331
2349
6563
4447
6371
2195
8237
8621
1458
4506
94
6705
8110
8120
5253
7313
8613
8008
6722
2453
151
5975
4843
3347
4275
797
1844
7503
8710
3560
5322
5451
386
694
375
8079
627
1066
4374
310
1688
5683
5189
308
6973
6416
3539
7089
1241
1088
1491
5686
4091
7480
8923
3169
3024
7300
3698
1840
2564
5797
8526
3688
8811
4117
6124
4920
844
4665
5534
852
1342
631
5671
4420
4828
5333
4415
4849
6211
5257
4334
7602
8686
8910
6573
6197
6281
3962
2773
922
4616
4993
3272
4053
3811
2239
8724
4623
5239
4118
2222
1534
3305
4697
3294
8592
129
4390
668
4418
5798
2444
2024
3853
978
82
4912
2153
3119
5205
5252
3428
4782
1429
5695
773
8584
610
1943
3518
6567
5225
8657
6032
7539
3366
1734
5015
1788
7800
3680
5679
1303
756
5901
4093
2709
4478
3899
3603
6762
3976
8092
6271
442
364
2638
4242
2037
7794
823
8464
5483
186
5593
3563
5822
7815
6665
2295
7906
2704
1241
5553
8551
4814
6793
3313
4106
7008
5383
5221
2542
4948
4970
1572
2981
7673
8181
6073
327
6982
5758
3845
1658
1067
4779
166
7783
2837
4771
2367
8688
6244
3240
3709
768
3388
6829
8235
8208
1725
5110
4259
5506
1468
2881
2893
3754
955
7310
5511
123
3758
733
7582
907
2310
1552
7951
5553
6969
7541
6955
5629
6059
1288
6572
1151
5773
2263
2196
5373
658
3978
1199
359
4684
4310
3083
7461
1049
6248
7627
8668
6316
6072
7330
5838
8701
1015
1179
8470
2811
5015
2856
4333
7725
6905
6141
3811
7904
5818
943
5692
5963
8853
7774
2362
168
4060
8075
2782
514
3403
2417
4798
4427
8931
1061
4406
3535
5696
6227
8918
3286
7106
6520
3443
306
6752
2503
3317
6423
4189
938
4583
5447
1073
4874
7371
7406
2293
3627
6601
1451
8502
256
4009
4774
7273
2996
8698
1729
5596
1032
7075
5378
2129
2161
5974
5674
2554
7944
4556
6909
6693
498
4242
8073
5516
212
5596
1044
1754
2472
4339
702
4220
370
3666
6136
3755
2544
1901
4702
1387
5252
6718
5299
7340
8887
2903
743
632
226
2166
7348
2833
5506
8885
186
218
4437
6574
1108
94
5467
650
8436
3140
8759
5669
2944
5479
2529
4413
2009
242
5914
5301
8353
1958
4344
2080
2888
1505
8262
2896
7403
2222
2993
1849
5856
6318
5197
2135
7084
734
2011
5200
5714
6146
1559
8115
6497
7753
5718
6695
3437
1357
5201
8635
1360
5832
848
2658
1903
136
1084
3629
6536
1304
6157
3590
270
3943
1219
7483
6846
2937
7866
5899
5505
3771
1062
6144
8680
3527
7117
7439
1783
6224
48
4229
4031
1713
6635
1195
419
8897
7839
8892
8615
635
8054
522
7365
913
6113
5239
8925
3566
3451
3762
4662
7931
6797
8144
1610
4952
5069
4509
5304
5252
961
5918
8196
5033
8473
6080
4818
5862
2673
4280
897
2904
7356
1758
3537
3174
5309
371
4467
6286
2635
101
3749
7986
1808
7238
2786
8018
595
5783
4191
6982
1172
4665
1896
3573
8646
399
4336
1280
8497
7338
1565
3782
8456
6823
3208
4821
1003
4799
2237
1341
7610
7244
4986
3194
1895
4961
3696
6690
6304
6281
1367
2177
194
6639
1035
7117
7654
2870
7347
6972
7950
2349
4848
2251
7258
7423
8342
1933
3013
2397
8727
1958
27
6387
5707
7419
2561
5041
6946
6056
1349
1596
3810
1428
5227
4834
2922
8944
887
4477
8959
1335
5202
1716
7201
8285
4584
2691
6305
6757
1048
1817
6935
4782
6131
6315
2950
8402
6275
6408
5318
5740
7918
6111
1210
6593
6366
6119
5573
4575
3235
2129
5205
7363
7170
116
2403
2276
2437
1094
1731
4995
2590
7766
3701
2900
1606
6350
2808
6066
8038
6887
8010
4551
6596
1730
7890
8851
8230
8628
591
6918
2638
4059
1813
8284
1220
8716
1976
6141
2418
4676
2275
2182
1789
2446
4948
3831
1307
7917
8450
3277
3577
6797
6564
6437
2796
6073
5796
8535
1074
2219
340
5084
3368
6873
4450
8573
3525
8081
896
7233
7258
4150
2286
8450
8092
8259
8313
2387
6658
7111
3869
3977
5810
7012
5767
1357
3373
5421
695
6039
6854
684
2037
1203
7433
615
6860
1456
2201
4263
1485
8918
2087
3380
36
1957
8807
6452
3496
2429
5705
3148
3519
7005
220
3054
5866
2605
3269
5884
313
7572
8694
2613
8279
4051
8855
2955
6037
1956
6594
3852
1038
5128
806
7992
8853
2808
4691
8382
4953
5785
1606
7220
4595
5427
680
4586
493
7563
3515
7677
5362
1687
5919
4682
3517
7376
8398
6347
8293
7092
5598
6493
7217
1575
6436
1839
3872
8817
7778
3384
2845
1913
7525
4705
2890
2774
4675
7491
4601
7283
1455
2843
676
6135
4547
6968
5936
314
7786
1157
1661
5905
4620
7547
3800
4193
3924
3439
4934
2313
6155
2565
1192
846
4949
8845
5369
3908
4809
674
8747
6401
5307
2751
7423
4331
6375
8332
4011
399
7780
716
7152
2922
4828
3317
6197
6246
7764
4216
2223
1758
758
6468
4111
1685
7085
3067
1928
2936
3053
6797
7596
7882
7015
5235
1949
7204
8177
3755
3278
2294
4466
3239
6019
2634
8484
3961
5392
1880
1849
670
7936
7320
6506
2175
3760
8944
8549
5851
5439
4864
8637
3160
6817
5202
905
6844
3740
5529
2000
6956
4152
2809
3597
8327
7878
5645
7978
3483
7456
7236
7176
3305
8484
7200
3973
4535
3014
5946
2935
440
4083
1310
5601
6891
7382
6551
7040
2022
5680
1993
3632
6180
2371
6981
34
5553
4740
3944
1771
5600
6052
1703
7253
3202
139
2817
1320
1591
4256
5453
8267
5072
8280
4524
6558
3152
2354
2793
5066
7479
5119
4177
6900
732
7498
7022
3478
8005
1983
2239
5477
3528
4211
2605
2330
4483
4576
5751
2568
5241
4482
8496
4606
6646
6561
8425
5632
4929
6248
6108
890
4661
5256
4665
108
8876
7958
8305
7464
2369
8532
890
4986
6544
8049
5055
8558
6580
2456
1536
2008
180
6861
5442
2236
4640
1750
7313
31
599
3576
6972
1849
6944
8806
5365
5132
4066
8559
4498
4351
1954
1743
6263
4556
6057
8157
8236
2256
1666
1307
5863
6929
2821
7034
7921
2449
4831
5351
6019
1172
3615
71
6161
4161
2940
1830
2317
7710
1637
296
3645
6039
4954
3977
1051
2041
7031
807
5436
7193
5847
151
8439
4362
8615
5200
2911
6430
2718
8681
934
8369
4118
974
7939
8494
8026
5889
8977
2046
4803
8724
8522
5542
1671
8826
4935
4317
6198
2748
5292
105
6082
2164
5975
1362
141
1530
1111
4761
8536
6831
3210
1863
6473
497
1703
4276
3692
2707
8050
469
2219
5751
3631
5317
2541
8842
4702
1764
3685
6737
7219
6498
6259
8291
161
7391
710
6087
6515
8132
550
2105
6358
7008
2802
1665
7794
1956
7567
4299
7795
5896
7581
7688
2793
4558
6777
4932
7473
2218
5145
324
3851
4362
638
6279
6497
5787
7814
7374
5142
1086
4027
2723
109
3644
5677
4739
435
3373
252
8919
6597
2116
5000
8890
7621
5951
2506
6681
2605
8240
800
5476
5176
6987
3100
5988
4944
7102
3767
4531
6102
6939
3691
7861
8828
2940
7290
3272
904
4965
5090
8521
5809
8961
5588
8281
586
4193
1616
1900
3743
3438
2454
3653
6981
131
5265
457
5165
859
4750
721
8271
3158
8621
3646
5232
5652
3211
8689
3576
4669
4660
6909
8941
738
334
4878
2120
1367
8212
6466
6645
7578
2471
3877
7567
776
8673
5571
8397
152
826
5951
4653
1721
4263
7919
6964
2350
8378
4063
5317
7687
2792
3862
6811
1096
100
7747
2488
7878
3716
2812
2889
1796
601
634
8514
94
6615
822
5981
1449
8746
631
8428
7797
6744
3482
1048
1357
5862
5937
3482
2173
6142
7089
7508
3595
6811
5854
4690
7472
1264
1317
2305
3964
1751
1228
4108
4366
5206
3957
8595
242
1272
682
3268
2051
8741
8128
5389
5174
948
7848
7602
1669
4398
1242
8228
4920
4137
4196
8171
3574
3918
3040
7542
4482
6127
4306
2592
3638
4758
2891
4750
8835
285
4718
7351
4756
4432
4576
2176
8549
403
519
5205
753
1483
7503
5846
8749
8647
4726
3347
3994
2113
5499
1343
841
6227
8829
3972
2502
2435
7491
6284
1505
2444
1649
3050
2994
5838
5617
5953
1642
6906
3936
1588
1571
525
6002
2350
2450
4307
8458
5264
6546
5845
2045
3995
8706
1277
3939
5727
5255
2870
5683
2896
4004
5880
1901
3063
1787
3995
5906
2787
2051
7645
727
396
4598
2663
7286
4034
5095
7183
1576
3137
7761
8788
1990
6955
4468
2801
4657
4310
2741
5687
6164
8364
1461
2435
2585
6969
8649
1048
2971
344
8159
7368
5384
457
1348
1016
1097
6045
211
8521
5794
8216
6237
2456
774
3032
7905
3034
722
4422
2658
7231
4681
2312
8030
3029
6792
8910
1903
7859
4248
2132
7718
2093
2512
2400
1039
4318
7038
7414
8939
2661
4995
7275
6667
1289
5193
5959
1428
2903
8486
2433
5933
7880
2914
6532
1938
6953
8851
8679
5898
3132
2276
5614
6947
2882
6018
5128
1264
7361
6232
7714
2749
241
1640
8957
5130
2902
8979
29
3508
3900
1963
8595
1210
457
6288
2028
8844
6782
2155
2901
8757
3692
7881
797
5363
1039
454
2942
1001
147
5514
1563
7682
5539
5988
199
7853
6355
1303
1958
6649
8096
7974
687
183
2207
5039
8367
5005
6238
794
7649
917
4263
4793
2920
5432
3304
2594
5475
5504
2062
8749
7505
6432
8960
257
6538
5830
4652
7960
6240
622
8193
6463
2993
3067
1426
202
6654
251
2317
4566
8720
2776
848
1659
8732
7768
1882
7797
8679
4955
5513
6951
4745
6851
8592
6552
1766
989
4643
5996
4543
4350
1542
3551
285
6332
4320
4952
5504
2216
2572
2496
2766
2373
6129
6449
2278
7027
6418
8544
2393
7316
2470
6281
5359
723
8108
4075
7111
6632
7776
7208
7396
831
7703
7496
473
7623
4756
8907
5931
6490
5623
6984
2526
2371
5164
4310
2589
665
2246
3596
425
5935
1901
8443
7578
3138
6584
6462
8807
8923
4495
1038
7457
2365
2890
1089
4015
7350
5448
3484
4124
7219
6897
1229
3743
5501
7976
6394
916
704
4985
2015
3770
854
1500
7691
8756
6155
7621
2150
7131
8432
7075
8475
7935
5621
2537
5252
619
8440
5987
3860
2716
7827
6544
5248
7617
2641
2006
8703
918
2069
8878
3033
5906
759
4373
4289
8263
6475
6415
5771
6058
2719
6349
1358
7113
5998
8616
1535
6693
5815
8412
239
4914
384
4361
7054
7637
8790
8802
8487
1799
1980
4734
5568
1402
7883
2863
5750
3674
8298
980
1523
7271
4052
7059
4308
2696
8663
2402
8780
7813
1484
5076
593
7419
1681
744
1324
1028
4099
8877
3182
581
551
7455
339
7558
3771
7948
8263
1574
1003
5933
6816
5660
6746
2190
4046
2854
1443
8542
5982
1913
6030
4143
3223
4596
1634
2761
5576
2009
8525
8897
5806
5389
5312
801
1311
7996
6423
4165
3361
875
8764
421
7983
880
8838
673
3459
8048
3440
3184
2820
6683
4755
7998
7735
6491
5975
3480
3030
5864
494
109
8400
868
3275
7431
4524
7146
7247
6209
2796
8315
4426
3463
977
2140
4266
6003
1804
8655
7989
7503
7176
4191
8920
4060
5111
1603
5708
1950
92
5959
1824
448
3357
3506
16
2701
2886
6276
7192
908
937
7827
3475
1565
7078
6039
1866
5504
8118
8014
2285
2907
6090
8805
3618
1905
8488
3153
6197
4357
284
4035
8489
1740
634
1439
6086
3374
3596
5468
3122
8825
1273
7001
8820
4513
4153
7343
4381
4484
2734
3208
6743
2151
4861
8123
5285
5173
4072
7829
5826
5028
7213
2970
8328
3261
4767
2486
5528
7179
5607
6017
1304
4724
8348
1663
6086
7392
3394
4652
8129
1643
5466
647
8968
7953
2348
566
6092
7464
5149
6161
5125
6726
4867
8201
6242
686
5828
4654
8112
2648
2195
2565
4876
4045
1209
872
5352
531
7734
6396
6338
6611
2126
2578
7750
8115
5713
2168
6542
8227
8308
2047
4912
6365
4239
6500
6769
1727
612
7202
5422
3496
3883
1929
5887
5472
4557
8809
8506
3207
4723
3822
6173
6388
7333
6203
7899
5163
954
1803
4405
1922
3085
4345
5792
1913
8981
95
2403
2889
7573
235
4118
4523
2958
4412
8337
8418
1558
1978
5516
2193
1847
8948
8817
7490
4395
8603
2829
8088
278
5062
1123
8941
651
8751
2840
148
7249
8279
4135
1664
7924
1607
2789
6180
12
6688
1658
7611
2323
144
2477
8758
7912
8650
611
4447
3341
7505
3945
1416
8936
5489
6631
2949
5027
536
7120
561
4372
5863
4294
4597
8446
1417
2535
3035
1760
7229
4052
5565
6352
5809
6910
4170
3775
2908
4369
153
7998
1866
6322
7960
3930
3909
1925
8642
2803
5589
8214
7165
5948
6121
8535
490
54
3193
8853
4584
6659
607
1193
1992
1146
1462
1359
144
6276
4275
1172
6080
795
4753
8106
6028
2598
3619
289
3375
204
8989
1093
8097
3625
1654
4277
3517
6726
3766
542
2216
7992
1846
3051
2835
4239
5429
1775
2606
6367
8625
27
484
1209
5411
5752
4692
7257
2369
7768
7046
4648
1469
8754
8687
71
8175
3762
4271
4914
7011
1447
3809
7361
3255
4476
8758
8335
295
7378
1294
5686
2354
8197
8171
571
7498
8074
5688
1707
3392
8873
4614
4159
306
7539
7736
6570
3508
3331
5779
2372
5723
7502
2655
55
4521
1975
8582
7812
7777
6570
6175
3653
6337
5610
5635
5585
2363
6701
6964
8225
4474
1674
8659
6060
1318
5581
7404
5576
5518
4875
1790
8636
6035
5939
7188
5826
3540
414
3130
2947
3817
5124
1505
1831
8275
1360
1707
3425
2528
2743
6611
5296
2345
5200
8226
921
8024
7475
8935
5705
6442
7739
8102
2233
234
1459
4064
6647
1346
1133
6445
7494
8494
8626
1082
8981
6612
1966
6451
6612
3428
5454
4930
7078
3127
5763
6813
860
7919
8908
6220
8177
1847
4998
5828
8473
4913
1865
4565
8044
8158
422
4055
2547
1670
2332
3778
2021
32
43
2036
7314
2048
7842
1049
5172
1542
6693
6418
4019
8649
7422
8419
903
3167
7806
4756
7442
3665
5917
2445
8301
8159
2113
4775
7088
1750
1329
5081
3811
3875
5315
4170
129
7884
4255
5351
3832
7947
3524
4618
794
2660
8070
1005
3400
283
3940
3907
6933
1931
2804
4213
3944
2215
2826
1204
3808
7402
5922
2799
2324
1453
1220
391
2097
25
3037
2974
6589
7044
1676
8559
8756
6233
8197
5792
5785
7224
3051
7860
8006
1677
7699
1901
354
4458
8790
1094
8444
5105
203
1397
2460
8476
3148
86
8042
2130
3900
5783
5637
7653
2145
6330
963
6828
4178
5167
286
3101
4477
5219
6322
6846
3971
7589
5781
5242
7810
7519
3801
6229
5005
1129
7986
2082
6119
8824
2382
8052
8055
8295
6811
7575
8116
617
3136
2377
6005
5522
3278
6641
5956
4751
7624
5143
5722
6822
431
3010
7776
7783
4646
4818
7810
1827
8869
6719
8719
4980
1940
272
901
5864
5778
152
2696
6710
586
2034
162
4066
3484
5443
5148
1527
5645
4246
3625
443
4137
2836
8377
287
3962
3214
690
1145
1399
4046
3408
848
103
625
3776
5860
5037
8783
5092
2411
6751
5302
6828
8616
4416
2475
6376
7984
1677
849
7575
8553
1066
5982
8089
2710
6729
5152
7225
7807
4617
4506
840
3368
4392
2214
8717
1246
8158
7870
1405
931
6899
4245
5359
1908
7708
215
8755
7180
777
5266
5426
2716
2072
7376
1005
5285
78
1136
2980
7634
713
8932
4933
7720
2236
8533
4753
5001
460
4373
774
6333
6500
6648
7847
1208
8101
1821
6446
8227
4350
5099
279
6426
4353
5466
204
2768
4194
1173
1111
2648
3984
1402
982
5705
6335
4584
2521
755
4401
8748
7596
8917
5941
7739
6453
192
7038
1672
8475
403
7689
7516
4611
8304
7974
5064
2505
7949
2151
858
8972
4770
8196
5766
5545
7265
3939
4212
3871
1740
7494
7825
85
4656
2513
7408
3889
5777
3178
2459
3734
7588
884
5830
1470
5791
4017
8575
277
8487
3121
8907
2388
8623
1347
2905
6920
1883
2382
7374
525
4520
7613
7980
2237
3901
5116
8546
4364
8094
7736
5667
6683
567
4592
5208
114
5321
3497
1466
3592
6276
8111
2383
7684
3451
7293
3218
1288
7868
7994
1097
3596
862
2775
5786
4186
1220
2088
5263
6748
2118
846
3651
4296
4452
2012
148
5427
8592
8602
1384
1973
1455
170
2067
2408
6152
7802
1874
8819
4319
5780
1994
4968
2378
4368
1556
5066
7202
7037
2469
8863
1565
6237
8857
3853
7244
1117
2820
2265
4688
1185
8447
7725
4571
4811
4501
1267
2933
1341
2241
4062
2672
822
7894
2169
7427
4507
5489
1877
6865
664
5836
3384
3650
602
484
6625
6502
2153
8511
5296
4476
4059
7183
5863
7380
3537
72
7347
5811
650
2310
5936
1351
7030
1873
2131
5775
2033
470
1685
696
4453
339
8394
8619
681
7638
186
5334
4154
6464
122
2952
272
2359
1872
4375
7207
432
5396
5485
4473
6361
4857
8585
3491
531
1312
385
4792
3270
7414
1924
390
4744
8387
3632
1003
1659
521
8778
2351
8540
2660
7409
2567
617
540
2069
6152
1472
5247
910
8999
4573
713
5697
3972
8675
7003
5563
2148
3199
4911
4660
1829
6931
3272
8710
2414
1090
8240
255
7051
6801
7171
4856
8715
8498
6604
3865
3653
1847
1701
1357
8573
5014
1250
4015
601
3791
5478
1087
3551
2181
2716
8365
372
220
7423
3750
3007
7919
5845
8567
2308
1315
7367
5163
4831
3296
4093
5105
7165
7536
8860
1007
1053
8652
497
4476
8616
412
720
1398
6224
5193
7781
4935
6879
217
2736
2953
2662
2431
258
3298
4609
1643
3567
6442
5064
4735
5077
8989
6410
1753
1409
907
2721
4475
8914
8190
444
6732
2289
5721
6291
7202
1382
2536
5241
7066
7357
3164
8071
