3056
2316
2962
2320
1964
2294
3762
2306
3298
24
3737
1738
3756
2057
3638
4387
4508
781
2914
1367
4896
262
1566
75
4559
3106
1363
4253
3224
4632
3817
1427
3781
2465
3972
397
3139
3321
1422
999
3451
4429
2751
524
3840
1024
4069
2240
3230
4797
2804
1351
3081
1026
3366
110
3877
3546
2322
696
4115
665
4789
2239
4859
4399
2161
805
1494
4065
2603
2041
922
3892
3430
2543
2789
895
2525
2299
998
905
4866
4758
38
1127
52
413
4110
2992
3600
1328
3862
748
2512
4001
1928
2194
3442
2747
593
1099
1229
3724
2147
3418
2753
2213
1102
3949
2437
2266
2205
2100
2723
2216
537
11
2617
954
3127
2455
4791
3597
974
3856
1154
2960
4127
830
601
1548
3997
2184
1626
1963
2427
2288
4316
1600
2397
4395
4068
986
4373
458
3258
4455
2606
1045
2300
619
387
3078
3102
3462
1836
4774
2720
4327
3798
3073
2204
4966
177
1666
3742
4432
3712
329
4272
382
1025
1043
1475
674
3910
1382
444
374
2923
2781
1799
657
333
2433
2217
2236
2231
2551
4754
3861
1913
4251
3739
1204
1726
4145
2314
595
1492
2142
1275
149
1862
1260
649
4400
2230
3933
2903
4174
2250
1005
3866
4718
2402
3954
4861
1294
2579
4536
2417
4721
4310
2372
3753
69
4291
4745
636
2049
3306
540
1810
4502
888
2253
2758
1220
3245
3723
4740
1905
2741
1950
1618
4019
3096
3893
995
2792
1061
3369
1598
3670
317
633
1051
2262
1858
459
2358
1365
4087
640
3363
3970
3255
2243
3588
4747
2967
1540
4208
4067
1120
4323
3232
1153
4588
3226
4527
3252
2195
507
3748
4139
4147
2060
4175
4155
4762
1789
1758
556
4848
729
2815
18
1329
3653
4094
3067
1287
4006
2771
2845
3755
779
346
1772
2451
2078
42
1230
4819
3207
4650
2069
3660
1167
3341
4309
1126
205
4104
3582
1852
3342
2177
2096
4945
3433
1897
2472
4755
3367
960
1215
461
4007
3261
417
1412
2008
332
498
1105
1840
1708
1542
3185
3675
3921
4768
629
4840
3147
523
3395
2614
1967
1068
4734
2463
2674
4107
1176
4943
3113
1326
249
3228
3492
2058
4948
4906
4274
1033
8
3916
3365
2223
4154
533
3488
3519
4612
1457
2133
23
166
381
3072
841
1439
3837
499
132
4917
765
2653
4812
3028
4173
2410
2081
1106
4532
4226
2346
2073
3001
3151
151
279
1097
2503
1920
4793
25
4197
157
3490
2313
3441
1299
2395
1941
3270
4321
4605
219
3647
4164
763
3289
4923
1459
2812
2139
1881
3172
1813
3814
4355
389
622
4122
685
1981
2828
702
2128
1118
3218
3735
4365
3507
3579
592
3512
4781
394
964
4037
1193
4033
2515
2861
2916
558
3198
3918
2053
1508
552
958
106
4218
3118
513
2498
443
4235
4244
1657
2006
3047
1158
4503
4431
3841
3376
3485
4026
1086
1829
759
3225
3979
856
2132
284
10
4868
1227
1202
1001
4039
175
118
1407
161
1499
2538
2366
1824
2287
2970
3849
4211
1995
1989
3456
3745
3971
757
2
3458
2227
1667
2573
4444
2233
4968
516
669
2196
948
4766
1155
1891
3197
324
165
492
4794
1879
2744
4860
1797
1637
2093
580
2138
1973
4335
3666
2107
1812
3914
1984
3706
1166
4817
1537
2404
2509
1431
1096
2637
4988
2940
2457
2361
613
1652
2966
4015
4577
2381
318
1423
928
1356
4228
3525
4222
2685
1831
4913
3131
3825
1868
1109
176
3846
632
1621
3989
2934
1839
164
286
4385
1877
1507
2280
2355
3014
3227
697
3271
4675
298
785
921
2721
1073
268
2508
1656
584
4534
749
405
4352
3795
2170
3865
2459
1373
4614
4732
4890
3407
2070
426
206
4887
2063
1555
3061
1265
371
4292
2640
3785
4214
3757
4084
1321
4776
74
3655
3330
440
1828
2028
4371
666
4782
1461
163
2409
828
3159
4140
718
1414
4562
1629
2675
2616
901
1336
812
4682
2315
169
3294
68
1016
2523
4025
2332
3926
2207
2341
3659
3642
4660
605
3872
1041
820
782
4454
4475
3220
2672
4540
4976
2621
514
2902
3471
4415
854
2157
4480
4080
271
1605
1030
2468
2763
682
3540
192
2083
3775
350
3380
1866
797
4369
903
2947
4297
1503
223
2321
3338
2458
4381
4993
4406
390
385
2186
1111
4051
439
1853
4523
3493
541
2615
86
3037
4357
2158
3990
2109
1270
1625
1670
4901
2594
480
408
366
3505
1651
1470
398
3203
2643
1036
2827
3506
2319
1776
2535
4408
162
3882
681
261
1720
3720
141
1143
2295
4556
1593
3167
504
4286
2087
3575
4752
3685
4591
2587
4083
22
2986
2121
4730
2474
2612
325
1483
508
1074
2811
3548
3779
3119
353
2755
3591
2426
4539
1449
1091
2595
2189
2099
4920
1933
1502
4882
1694
2505
1244
1580
1323
4086
1551
1128
3030
2556
1478
2388
2335
515
602
3746
3809
4234
4118
1700
2367
3016
2658
3676
961
321
3823
2629
2203
4285
3042
1346
4978
2241
1362
553
1476
62
3070
2497
4628
4093
2622
2958
1375
2862
135
2965
2907
4637
4568
3247
4374
586
3383
1188
3183
1163
1725
1212
1793
534
956
2534
1352
4073
4322
2710
4343
1464
2298
1069
4378
4727
3645
3053
2208
3673
2387
3122
4401
4855
1800
3931
3784
746
3390
3214
4082
2076
4241
1769
1388
609
1956
3326
65
3796
2610
3464
204
4363
823
1943
28
1915
56
3297
3890
3219
3616
3095
2036
1568
4824
452
3090
4126
814
1678
2329
1533
3547
3174
2956
3992
2211
3477
1311
3450
3623
839
3510
4957
3439
4350
628
116
1715
367
4331
3164
2272
265
4359
277
4481
2130
3473
393
4020
2164
1020
2206
3625
3520
2461
736
4461
2654
4144
4163
3556
31
4942
4276
2933
3730
2270
2489
4617
4922
27
982
4201
3187
2668
3114
4249
2620
3937
750
1855
4229
2269
1938
4828
2005
3412
1072
3038
1184
432
2506
4580
3288
4604
1606
3479
4101
4341
198
2033
1054
4223
775
1873
1406
4884
4041
4236
3531
2642
323
3626
752
4264
3422
4557
4027
3027
970
3491
1223
2129
3752
1420
1513
2514
3606
1421
4329
95
2225
4646
2141
1038
2948
4972
4862
3166
2754
227
1219
634
334
2522
3105
565
278
3792
4874
4864
1211
2256
1076
4872
3153
587
4893
3601
1834
1558
2737
3993
1794
4450
3500
762
3960
4529
2613
2448
4739
4004
1557
588
3786
352
4949
3212
3149
4032
1826
1842
4176
1930
3851
3830
58
476
2770
3726
3391
2347
1381
1355
3144
3046
3329
3334
4436
4692
522
3304
844
1376
3215
3408
2228
4651
1751
2632
1516
1641
4918
744
3322
919
4525
1214
445
2688
2783
1425
3943
651
1390
2570
3727
1385
3116
1949
4262
335
799
51
1978
4325
1998
429
3938
1430
4277
4593
3029
1607
4213
1650
3301
4719
4726
4167
3176
4813
159
4156
2691
714
2822
375
2533
858
80
1199
1597
4042
1835
142
3956
1370
1257
2524
412
3115
3650
3741
1410
731
3268
4690
415
2715
2054
1969
494
2652
562
4471
483
2449
2103
2565
468
3141
2003
3088
2736
3066
1759
4507
4876
4466
549
4040
1276
502
2768
2055
2868
873
2999
932
237
3085
6
1213
2066
4912
3821
456
3813
2875
1749
2149
4641
4631
2042
1162
4434
3199
2630
845
2806
751
853
4360
2718
3050
4919
2340
654
1505
3452
1697
3608
2104
3896
1655
936
3613
2852
2011
2273
4372
566
2879
4684
3514
3125
1703
1529
542
4430
246
2656
2271
2854
4196
3354
1827
4257
578
1712
3878
639
788
1985
4753
1792
259
1248
3770
2423
2805
1245
912
4694
2581
146
520
4496
3184
1997
3130
1927
3475
2111
1251
3940
451
1347
4217
4900
3522
2380
557
3663
4665
3152
753
3097
4152
441
1818
3310
2979
529
1850
2855
871
599
4233
234
728
843
1677
1509
1972
1047
4184
228
2432
4602
4112
1688
1974
2393
816
2780
4648
4179
1584
3446
1455
1733
3787
1125
2151
1945
4592
2575
1485
2694
1976
3961
2665
4742
769
3859
2331
2061
4056
4181
2604
363
1644
4362
3534
2633
3057
3309
4016
1696
2941
2020
4667
3860
2485
1018
935
1971
61
240
3279
3169
927
3121
3242
1944
2584
3835
2086
1012
4268
486
560
2360
705
4337
2950
295
2074
3501
48
3528
870
3913
4941
962
1729
810
959
3189
4995
1384
1906
1289
4439
3552
3873
3076
3416
1196
4783
4440
3869
450
1003
3515
4270
158
1231
1752
2267
2088
463
813
2019
4081
4435
2593
2860
136
2968
1875
424
1140
4138
2690
3484
3705
4135
1510
2118
581
3778
1271
2765
3935
1121
3397
36
4114
4621
4538
594
4071
2540
1575
3907
1786
2735
3557
272
1286
1687
1743
1062
2234
1845
1134
2390
1526
1970
1844
99
4017
3123
2064
1295
1131
3086
4200
1770
1377
3671
650
1668
847
4888
2831
2650
4351
2072
2108
3898
2202
3396
1501
3776
1937
207
1221
3427
2131
1648
497
2504
4934
4035
1314
1250
3630
3136
253
700
202
531
1692
722
3807
2807
3854
3633
4778
117
4749
2985
4227
359
4834
1394
1534
1009
627
1871
1522
2829
2973
4935
447
683
4457
1031
1044
4012
1438
2519
2399
4725
2278
790
2013
254
947
2843
2939
3206
4698
2422
4636
2487
3603
1549
2555
2418
2714
2873
4626
1774
4052
2731
4306
1053
4792
1358
2676
2639
351
942
1258
3132
4600
2447
3683
1702
2836
3180
3004
1267
3386
4252
4541
431
4389
2249
925
1699
3560
4806
1208
2190
104
4312
2782
4581
1719
2568
2990
2883
1180
1462
3401
3521
2513
2394
620
1078
4194
4298
3539
3454
3574
668
4633
4410
3801
2922
1103
181
3551
4393
66
686
1247
3504
1398
4009
1893
3087
2245
2798
3191
3002
3648
1291
248
2641
1527
4909
3934
2904
4630
1936
1734
182
1493
3307
2840
4572
713
1925
1048
4891
337
3826
1764
3032
4950
4028
4287
4729
1653
3445
2235
1923
1383
1787
4294
302
631
3243
2192
466
488
1890
2226
725
2438
2160
1123
2733
256
4771
2750
656
4623
3587
4412
879
787
53
3019
3836
4441
4103
1856
1572
783
2648
2496
1100
4161
2761
4096
2436
4841
4105
3489
1634
127
4117
4489
4728
1525
3036
1506
2662
4029
1861
1098
233
4780
538
2197
4024
3170
2265
89
2963
3089
3508
2229
659
3135
2254
3293
101
4678
623
4885
2296
348
4613
64
2275
377
4491
723
2098
2913
561
852
1782
4468
4102
4936
364
1603
1408
1451
3679
3881
2263
4361
997
2994
1206
5000
4230
434
2820
4991
224
2031
1173
40
3867
3411
1177
1778
111
2713
4128
907
2120
4549
2838
1023
3847
598
833
3842
4839
108
2609
1663
2717
3904
2281
4062
4847
708
3774
2549
2935
4243
1116
2725
737
301
60
2531
2238
1468
1922
710
171
3665
1281
4047
3834
4624
1553
88
4528
1082
2998
4686
3045
2624
4345
535
637
1136
143
3654
2386
1753
3567
2667
2501
3929
971
2892
878
391
2564
717
1426
3783
671
2050
3415
2452
3880
2029
3810
2502
1814
4786
314
2557
126
208
4829
4877
3186
4717
2678
4449
2090
2961
1704
1796
2909
2598
4634
866
2864
3157
3173
1804
2858
4510
3318
3263
3257
2988
2370
3803
3352
3034
4189
3026
2237
679
2259
3175
3155
1279
2696
4659
1169
3041
4996
4962
1757
2957
4709
4483
401
1851
1571
4618
3241
4916
178
4544
2162
690
1296
4255
59
3945
4125
3444
3282
1577
4495
4010
3423
4172
3572
4472
2881
727
215
1750
667
1780
1968
4419
887
2369
3438
3323
2034
701
2618
2532
2454
1088
2955
1395
868
754
794
1983
1491
3260
3393
1932
840
1847
1817
3669
1748
3772
1707
1559
4713
883
3980
1093
811
1766
2462
884
4396
1085
2927
212
4428
3431
3686
2679
621
2784
4558
2719
2762
2119
123
3771
4394
1992
4129
4366
4318
437
2760
4853
3955
2492
2152
4653
2569
4090
4091
1050
596
3839
3058
569
2493
2954
1372
3402
3385
1496
1108
1762
4427
448
2443
2972
2453
625
308
2601
2911
2785
3517
94
3555
2711
2488
2880
1550
1556
4711
2560
1954
2553
3373
1029
2499
1727
2964
2537
2188
1737
1999
3007
551
3158
2539
3092
1942
2456
4030
3711
2248
4575
687
1255
3327
4212
3254
3020
2009
1912
4506
4178
3963
2589
3569
4571
3761
3621
4263
4587
2946
266
758
4383
3350
2602
4246
2521
4969
4932
4514
786
16
217
4931
4049
3285
2732
4990
572
691
2906
4927
3231
648
2693
179
3006
380
3511
115
1848
4579
1567
575
4296
1980
2816
4657
2745
3751
2562
3244
3627
4136
4735
3888
777
2559
1642
2471
1622
378
4649
4706
2703
1157
3331
3253
4545
4566
4258
4123
703
4878
4702
3101
2424
3063
3766
4883
3109
2345
1859
4673
865
3339
4036
4141
1242
2932
4059
3690
2137
1909
1665
4002
3223
987
1771
1662
1660
2627
3465
801
4584
2209
3946
3497
2156
2867
4716
2872
3
4652
3976
3541
2473
1151
1724
4989
2684
3382
4470
2200
1175
130
4266
4289
3894
105
160
32
860
3793
3440
316
4808
2870
3596
806
3103
2445
1609
973
3802
5
471
4668
3526
3562
482
4465
4764
726
642
3788
4964
2325
1056
1740
2052
4132
3000
4560
672
1397
607
2724
1411
2920
4186
4209
4060
251
837
1445
4098
2032
800
3886
3693
4940
1378
4837
2312
3838
1860
400
2477
4586
386
3200
4743
2017
4451
4546
1325
304
3721
4269
755
1885
1512
920
1114
2810
3710
3099
2669
3530
2411
4804
2075
9
2062
4627
3487
590
1979
4299
1816
1268
3414
2224
756
4422
2025
4772
1701
949
1168
3599
1744
1489
365
3308
1465
4314
2246
1709
4970
2016
4448
822
1686
3641
614
3168
3377
3126
4607
2842
3062
3239
1324
2910
992
4388
4150
2686
4992
3691
1302
2105
890
1084
7
2441
2173
2938
4330
1481
2059
3417
945
491
2740
4611
1563
2739
1228
1331
247
4342
1277
4983
1147
906
3264
2925
3148
131
2077
2344
3355
1471
4043
17
567
3315
4880
3932
994
770
3577
4842
1004
1194
267
2264
2056
2175
26
1991
716
478
4524
1921
3780
2467
4548
4889
469
1538
1042
2851
1669
573
3138
2529
3868
4499
4484
137
3060
3863
3044
120
1198
940
3578
1404
1142
2687
4106
1608
2268
3048
3059
1052
2155
2749
85
472
3987
4924
1931
2951
1313
1961
3984
392
1518
41
862
3920
133
4914
214
3302
3697
4022
1203
2586
2921
1994
1440
834
4902
1032
2635
4746
2085
1903
2289
3410
1027
1334
760
1683
3428
3959
4530
4130
2475
3718
4700
1417
2859
3161
3384
2566
3424
2937
610
4219
1735
1745
465
1387
4403
4076
2953
4034
848
4594
4215
3687
1159
4712
1178
255
2429
536
1917
4533
842
3948
3281
1955
673
2803
3466
2375
462
4509
1581
3137
2707
3700
3017
3974
4064
972
2619
362
2363
1631
4058
2865
134
2631
3296
3374
1308
2818
1982
3812
2664
555
2926
4616
2942
2701
3246
4863
4070
896
4275
4476
4567
87
4845
1453
829
3079
902
1775
591
3688
406
817
2738
4865
14
416
4284
3749
3012
1602
951
1371
1437
4166
1107
568
221
3850
1760
3620
4153
838
2293
243
2048
3925
889
4664
3887
521
2590
39
3453
2554
3901
2401
145
331
2507
4137
338
1854
4391
4963
675
1811
512
511
3883
3481
2952
4707
776
2421
4505
4997
395
2349
4317
1562
2898
1233
789
4165
4998
252
2628
328
4643
2541
283
2330
294
1902
1469
299
3966
3235
1679
4151
4288
3375
2558
1779
4303
2794
3919
250
957
2849
2198
1288
3900
869
4336
3094
423
3636
3259
3055
3828
2915
1424
3806
4437
1090
4061
3443
2305
4467
4952
4099
2597
260
4803
2969
898
530
155
4131
4879
2091
183
4832
4386
1795
4838
3738
2884
4583
3930
1517
1781
4597
46
1784
50
2480
3314
2978
124
3129
2169
4078
4589
489
4079
4518
4953
2219
4925
13
3266
3879
3409
4237
3250
4773
3991
2494
3275
2726
795
2338
3421
981
4149
3190
1035
274
2414
2284
45
487
3667
438
2626
2945
4926
2982
3713
3287
4050
967
3649
3758
3553
3545
3563
2790
3015
2905
1876
3750
3923
1017
4911
3915
1403
3502
1171
3714
996
767
969
2301
3269
1695
3403
3844
4192
577
1145
78
4854
3743
67
1645
216
1882
2167
1482
4965
4221
2144
1392
2191
3236
273
2930
4443
2767
3529
807
3509
4446
4479
4416
4206
3208
1342
4796
3939
2368
368
952
291
1514
2174
3276
114
1350
677
3031
4979
3624
2716
193
2002
1110
2095
3549
3672
3290
2351
3581
1639
1357
2550
2326
1536
112
2150
220
4849
517
3831
3179
615
222
201
3222
4573
1569
3958
2024
296
1962
4008
3142
2102
3364
3725
3461
44
977
585
4537
3112
3733
2153
3251
2895
1710
3124
1599
29
3769
2987
3684
4018
1150
626
3662
3619
3143
4418
3586
3719
3196
33
2014
2944
1333
1883
2396
4517
4462
1049
2596
1601
4148
4171
4915
4767
4500
3953
2772
4910
1304
3311
63
4282
2797
76
4485
1339
2779
97
1034
4344
2974
3134
4315
3495
3333
624
4474
1186
4424
4328
4375
4338
2778
3827
4551
306
918
1546
1197
2317
3794
4736
3885
1079
3664
2018
4857
3237
559
963
1057
3632
3922
564
1066
3816
3568
616
3950
1095
4433
3398
1170
3941
2406
655
3903
1987
3419
4193
1691
3370
2379
4356
3701
3470
676
1402
4987
1576
548
2705
2199
1646
1332
1055
4777
2333
119
3845
933
1884
4937
1684
1235
662
4260
4326
1135
1361
931
1664
449
3303
2221
3449
3870
4552
2277
3156
4959
4710
1315
3538
128
738
3457
4681
2832
1803
3188
1474
3359
1530
122
4239
4354
4185
2981
1825
2527
3154
1241
4663
1405
473
4787
3689
2698
3518
1450
3902
2403
2695
4003
2824
1960
4693
1368
3995
771
1195
1612
360
4676
1520
2356
2303
4671
3313
2757
743
2479
1872
881
2116
3201
1234
953
3580
3891
3474
3262
4825
876
2791
1064
1823
2353
3400
379
4100
1756
1479
1191
692
2276
4598
3927
2337
2825
2004
3716
2415
4205
4438
4231
1261
493
4763
3717
3570
3146
1543
1773
993
3651
1948
3631
4045
257
1094
446
2919
2891
4961
1262
1293
641
2722
1200
1632
19
1830
4160
3695
2039
3848
2079
3589
3957
2357
894
4655
3267
1730
239
2476
1021
4724
1574
4947
3982
3209
4873
4522
1488
2384
3543
1292
4109
3091
200
3513
2283
747
1674
3361
612
195
2183
2047
3808
4543
1466
554
4447
1900
2354
589
2483
2611
1379
1977
2218
103
4705
3295
3117
2495
2574
2661
1822
1500
2563
618
2362
1628
4501
2279
4353
281
2520
2377
3181
2434
2700
2430
4493
1547
241
3985
2655
4599
4108
3657
2702
4195
4565
2378
4000
2125
3833
1741
4364
1878
3928
4563
4190
3065
3389
4858
4662
191
2991
1172
764
3128
2795
341
660
2089
3962
477
407
1182
2801
3871
4795
3661
3536
2022
2787
1486
968
2847
4697
12
4278
4516
3413
1659
3351
4818
96
2486
2214
2482
2547
199
485
3100
3345
3598
550
84
730
2853
1790
3340
1919
2728
910
4799
3193
2364
1579
2917
825
1473
3824
1322
617
3593
4973
1929
1460
778
1564
3584
2112
4680
3008
2799
2530
4319
1467
1573
2385
1728
2660
2706
4869
1863
3335
4085
680
2976
3897
4492
1808
4714
4453
1958
4134
343
4224
1264
1146
1934
2043
1122
327
1966
2516
1303
2826
1148
3238
4504
342
885
4515
2251
966
453
4595
2302
821
2309
2578
4881
4955
1019
2444
3093
4852
3986
357
354
4240
2339
4333
943
2117
1918
2796
3906
4038
4892
3425
484
1805
313
3527
1432
1113
2222
1305
2097
418
3875
3399
4204
4442
1820
766
1914
2040
2308
3221
4748
1413
2689
1246
2623
1000
2877
803
2350
170
4894
174
2172
1364
773
4417
3652
3202
4055
2580
292
4013
3759
734
2625
880
709
184
3024
276
4349
3820
1472
419
694
3476
4886
608
2046
129
2546
2021
506
4554
2210
3344
3994
411
2252
322
1349
4498
2389
4647
944
430
464
3145
1904
144
4850
4802
1216
2145
70
2114
3233
1087
2071
2971
4169
242
2839
1192
3025
4077
2408
3944
4574
915
4723
275
3800
3829
4367
2215
235
167
310
2608
1101
3052
4097
4929
4814
2959
1661
2545
2896
2391
955
4216
1832
635
1007
3460
1988
2984
2407
525
3612
3681
1059
35
4111
3249
435
2841
3478
1456
4596
1610
1164
2376
3486
2318
1256
3328
2878
138
1713
1340
185
4146
3576
913
579
646
808
4162
457
4823
3999
4756
1722
3317
1544
4761
2311
2943
3964
2110
2813
403
4339
4733
1487
2484
2712
3765
3064
1274
4521
3283
2800
3983
4820
355
4827
139
924
3229
4426
3368
4967
886
1815
3702
3420
1446
1011
3455
2682
82
4392
300
187
1647
3110
98
4157
3754
148
2802
2536
518
2258
4054
3080
4014
1454
3874
211
2178
4267
4974
2146
1857
3789
3278
2975
831
1635
1039
1693
3728
909
4
2928
1908
832
4769
1156
269
2419
4089
442
2342
4295
2599
539
1401
490
297
930
467
3362
3602
3009
4308
2518
2392
519
186
2010
2143
3381
1046
849
3084
3392
3637
4283
2833
544
3265
475
3429
1477
290
1266
1953
3740
2374
4625
1380
1317
3077
2897
479
3858
3291
1596
2310
4555
1137
4334
1898
4679
2038
1416
2526
1298
4380
3917
941
454
4821
3640
1434
3565
2323
4933
916
4005
3815
2647
861
3160
1755
1614
4750
4856
1843
315
611
3437
4601
3609
2766
3852
946
2304
4903
4956
1210
1718
2297
3610
3274
3583
3855
4198
2651
1345
258
2113
4477
2752
1993
3316
1183
1490
4737
189
4304
209
721
1337
4256
3542
3736
349
4119
4513
791
3722
1374
1946
929
2729
147
2440
809
2135
3905
309
3499
4340
4133
1129
1022
428
4800
3069
1435
2115
2373
4512
3337
2918
900
4564
1447
1643
1899
2124
4654
4473
2352
937
3773
3280
1058
3704
980
2874
312
1386
2894
2500
4994
3524
827
4397
3658
2649
2887
2850
4377
2659
4542
3533
1886
34
4207
2989
706
3104
606
4578
1443
3947
872
4048
1788
1360
1849
1916
1711
923
2012
4582
4300
154
4370
4689
2412
3217
4843
4092
3205
311
4644
1806
2307
4610
3108
1613
2328
3074
3405
4550
2817
917
2359
2561
4921
4738
4170
404
4875
1531
49
263
1181
719
1717
2756
979
3140
3703
1504
2123
882
3951
908
2542
1590
2450
1319
230
4703
47
2446
1252
780
1511
1283
1092
1649
4645
3782
4779
3707
293
1783
2977
1986
3312
2101
3977
4759
1165
4232
4021
653
287
2187
2888
4810
4279
1689
1907
2051
4822
1060
1124
4420
3165
4046
3404
2007
4066
4999
2697
1761
600
1723
156
670
793
2600
693
4895
804
4121
1633
4405
3550
3822
1617
2261
3952
4281
1161
2588
4960
3204
4225
501
2666
911
307
991
3734
4332
4469
1589
745
4358
2638
1238
571
741
1207
802
1545
1133
4113
3463
358
4801
3537
2511
3324
2027
4182
4985
1254
2122
4938
2585
2901
2428
2899
1560
245
3607
1452
4765
3192
3594
1205
4307
420
1895
1552
1957
4404
1965
3696
4775
2605
855
3349
3618
2065
1838
4459
1433
3709
4715
470
4242
1354
2134
1348
798
4313
1869
1716
2282
2163
4220
1240
1585
2673
4486
724
985
4057
1400
4482
3213
3857
2634
3629
1249
2469
2290
81
597
3496
4788
1990
4603
720
2232
990
2382
289
2734
91
2759
4851
4704
140
1864
2548
3071
3035
735
4248
3394
2809
1587
3731
83
3272
4187
2094
3967
4561
2591
4569
1243
2400
4384
3936
4826
658
4620
1535
1865
2030
1887
4590
3832
3768
857
3585
356
4701
3699
1672
850
938
425
2478
3498
3942
2154
574
2552
899
2510
1739
410
3656
3889
2936
2442
4259
3325
3011
388
2528
1006
3975
2398
72
173
4423
3332
4830
893
3357
196
4751
1698
2681
2857
1063
2439
4053
715
4785
2420
1436
1071
1
4784
2776
1685
663
939
370
2165
1896
1638
4695
1463
3111
495
3708
2490
2242
1083
1996
4044
892
2035
2885
1705
644
3358
4261
2889
2405
1901
1528
570
2663
2244
4526
2171
4975
1819
3668
678
1673
4908
102
3494
1524
1389
3911
4809
4844
2181
1975
3150
1521
1015
2869
2015
1310
630
73
4535
1841
3163
1393
707
4982
3909
3177
3022
2201
733
264
1237
3595
369
4390
4456
4411
1152
796
1309
373
4320
4666
4811
3051
1290
4760
92
1768
2106
1160
1232
3171
4464
4570
1209
3566
1582
399
2067
194
1554
1732
1278
1225
4944
2893
4708
835
2416
2180
2255
339
3371
965
2837
1441
2644
2371
2185
1926
2980
712
4376
4669
4867
1217
71
3319
188
3299
4280
4088
3336
1480
1139
232
460
305
3965
1671
3747
1067
210
3644
1179
2383
1498
3760
989
2908
3378
1297
3535
976
4757
236
4305
4897
3674
545
1570
1419
107
1327
1259
2995
1798
3677
4608
2646
190
15
3777
2680
4722
2286
1089
3611
57
4368
225
4188
1174
988
1343
1801
3715
2748
2136
836
4346
819
2274
2983
4670
2168
4981
3604
4946
1586
1588
4478
326
320
4674
1002
1272
2886
1300
3692
4807
3347
3292
1821
1239
1746
742
409
3680
4687
4413
4490
244
3617
1624
4661
3767
2856
1721
2699
3523
815
984
1591
2900
3996
739
3178
4835
4511
3876
2835
3678
1119
4986
3559
109
914
3469
3033
1014
1399
168
3273
414
4615
4741
3075
1330
3590
1008
4984
3406
1189
1892
3532
546
4744
3482
2848
2773
1224
3320
4497
1273
1013
1359
1418
699
4183
2764
433
2466
4871
3622
3305
1807
2846
1190
2044
643
1335
2193
1541
603
3698
1690
1080
772
2001
926
740
4816
3592
1952
563
2786
1682
3372
37
1636
4463
4954
1070
347
1623
280
229
3379
2709
4519
3039
1763
1675
4074
3234
4639
1532
3353
4672
2808
2260
1218
2677
2092
153
20
3107
2931
4798
1104
1604
3467
1959
3573
4072
226
1791
2000
3614
1428
2876
1285
4629
1282
698
3634
1341
2670
2324
43
904
4247
3643
3988
4677
1939
509
2793
1353
1444
4833
2823
4870
2582
2365
2993
2912
774
1640
2730
336
213
4977
3503
863
100
2080
2949
3998
3763
4688
3436
4971
1201
77
1592
150
528
4609
1620
3216
975
4347
3628
864
1765
3432
1910
4311
4254
1924
2431
384
3210
4487
4023
2769
1495
527
1415
4168
4011
4293
125
4928
4642
3694
2212
422
1263
1578
4063
3981
1130
3300
4638
3729
2257
1149
3284
3605
1583
2636
3744
576
4488
1911
2577
661
2334
3003
4116
547
732
4302
2491
647
2343
231
2140
4180
4158
2607
3005
1115
4619
4407
1947
4656
303
3043
1366
344
3804
4622
2327
3346
1187
2179
2572
4238
3277
2571
897
934
30
1040
4958
2084
784
4414
152
3286
1253
3211
4290
55
1654
503
2645
421
1874
4836
543
4576
1222
846
3884
1681
4898
340
1081
1141
4699
1028
1318
1409
2082
3811
270
2708
1802
3195
1280
2704
4409
203
4120
875
4075
3968
1894
4273
172
4939
818
1616
4899
1497
2890
3732
3558
3068
3013
4683
1075
1519
3018
1594
3764
372
3256
2026
2866
93
4425
1731
2774
792
2727
3978
2127
664
1369
2182
604
54
2544
2166
1338
4720
1320
2576
1144
3098
1833
950
4265
711
3040
4685
3483
4846
4640
319
4460
1117
2814
1742
2834
3908
3426
3797
1284
1138
4452
824
1777
3240
121
4210
3853
2777
4458
4402
4494
197
1615
1458
1889
1767
4421
383
1676
1448
3468
1658
2481
4904
288
2929
4379
645
330
1065
4142
1185
704
3571
3388
859
2023
2336
3120
1226
2671
2220
3343
4271
396
2148
1867
2126
3615
218
2285
3924
402
1037
3790
4324
1627
1429
3791
2159
3447
2692
3561
2583
3194
3516
3083
1523
4831
4805
652
3554
510
4980
1316
496
4177
2830
1611
4245
2775
3895
4790
113
79
455
1306
1785
2819
891
2821
2844
2037
3023
3564
583
877
2413
1870
3054
1391
1754
684
3639
474
688
1940
3819
3472
1565
1396
1747
1561
3435
3544
4930
1935
4531
1539
3348
3021
1312
3682
2470
978
1619
1010
1714
3635
2871
3973
4191
3818
4606
3049
4696
1344
2863
2517
851
867
1301
4203
1442
4585
3843
4159
4382
526
345
4202
4658
2348
695
689
427
2291
1269
505
3182
2683
2247
2997
2435
1809
2292
2045
4445
582
3448
2746
1484
1880
4691
3646
3480
3162
3912
1706
3010
2592
3799
3459
2176
3864
4143
768
3805
1077
532
4301
2788
4250
1888
3434
436
4095
1595
2068
4520
3387
1837
2460
4815
4124
481
1236
983
4635
90
3133
1630
285
2924
4553
4731
761
2882
4348
2657
1307
1680
4398
1132
826
874
500
3969
2464
2425
21
2743
361
3360
4951
3082
4907
282
2567
4905
4547
180
1515
3248
638
4031
3899
1951
3356
1846
238
2742
1736
376
4199
1112
4770
2996
