2291
3712
726
6872
4066
3043
989
3937
2016
5343
2680
1899
4628
4432
6902
4898
583
495
1244
5858
531
3124
6489
2924
2588
2941
455
3714
12
218
5426
1439
5785
3212
6732
2317
2508
2044
5536
5988
3884
4773
2804
905
6650
5451
1821
3711
1750
17
6642
5491
647
6977
6417
4406
2898
649
954
1269
5453
4297
1316
1950
1680
5134
986
2229
6099
6159
2862
1397
306
5021
5087
2105
2706
1964
6126
2303
886
2944
80
4281
2483
569
3653
2470
6424
6581
4561
6909
5269
2031
3595
4976
5472
2672
4420
6115
179
848
751
5834
4911
2939
4197
282
778
1400
3098
508
6963
1786
313
2686
35
3722
4272
5869
1797
3129
719
3860
6703
2861
3384
6085
5125
2336
3194
4141
5932
177
566
3106
6269
4655
2267
5444
1053
6236
3320
4734
5835
1019
4360
6891
6109
5789
1897
1541
4276
5851
5029
4113
2701
415
2827
5379
4355
601
3455
2736
2935
4114
2923
404
3379
1355
4207
693
4513
1392
2661
4443
1968
2614
6187
3672
894
3015
1038
6582
3374
6121
4407
1849
1631
4720
5275
1259
3837
6610
1472
261
2516
2211
3898
6490
121
2377
200
1141
3648
2437
3605
4218
2138
1872
6385
6081
2197
909
928
2480
4392
1701
538
6569
4682
4095
3472
2281
6535
3443
3340
5539
3224
589
4839
6759
6503
1795
1784
2357
4222
1555
6830
5629
6179
5101
4491
2859
5468
5944
3451
6091
6665
4972
4239
4694
3627
2363
2323
4027
6056
6722
4251
2663
6403
143
6743
4100
4386
5445
4764
2609
4166
3465
3001
2236
3564
636
6554
975
4293
3215
4474
1094
5146
4505
2083
5798
3666
5894
452
1515
5117
4325
5014
1284
4612
6931
4002
1925
4715
4531
825
5826
4489
3521
745
1148
1884
6263
1648
3731
1668
6660
6171
2726
6863
201
1447
4878
1453
4307
1280
3397
5056
1131
2270
124
6148
2276
4067
3189
3748
3362
37
1678
4827
3198
2692
3588
786
6409
6235
2062
6152
6059
1692
2969
4260
2875
2927
2385
824
1121
6433
5663
6463
3583
2625
2254
1691
6104
3926
2747
2090
819
5849
5537
5072
6515
461
6442
591
3035
5621
3994
6500
2422
414
1222
4157
5515
5983
5542
2940
2525
338
5391
4729
3271
4039
1415
4640
3502
3671
2604
2842
6251
5609
6911
4213
2798
3771
5593
709
3301
6809
3896
3454
999
6751
6060
5466
5725
6245
1649
1814
1835
912
2492
4382
6949
4930
2819
5820
1303
4181
5640
920
3999
1408
1047
2565
3663
2100
3793
2664
6418
3458
5112
4073
3985
6107
6919
4705
6573
3760
132
774
3348
4939
5027
6155
3289
3100
3485
5658
248
6507
6746
5792
809
6880
6259
608
4965
163
5750
2231
2403
5781
4309
1851
4742
6211
2881
160
1138
1118
2615
3798
4546
3696
1598
4868
2947
3755
6612
5408
5098
3969
5622
5968
2230
2486
6567
5047
5082
3762
6262
2526
3321
732
1616
5743
878
1482
1471
1377
1510
36
5246
5722
6979
3155
99
1796
186
362
5954
5760
3367
385
2476
4846
4825
2906
5829
142
2285
2070
5717
3743
3724
5592
2464
2401
1399
4156
169
4620
2568
2911
5489
2394
2821
1113
6328
4876
918
5109
4721
2017
4154
3534
3498
6968
2451
2613
370
3670
924
3784
5910
3479
6910
973
4747
2583
5634
1398
4649
3056
4269
22
3927
514
4430
6739
1093
5497
40
814
1465
2830
5011
1236
3146
1423
1461
6833
5569
6597
3545
6084
3392
2498
3657
1451
50
6962
13
2427
71
5876
2195
5891
6980
3794
5035
3070
6575
2218
3848
1733
4484
4367
4557
5233
2960
1528
4569
1394
6284
5432
1513
2579
4582
6524
876
4453
771
501
4405
951
1877
980
3900
3713
161
4446
4709
3938
3997
6641
3416
4015
2173
408
949
2912
2622
342
5937
4306
3388
3923
4162
5475
2533
1051
5756
677
2654
6570
5845
3126
1037
3466
3298
6032
3621
2296
1150
6688
2098
543
3596
3142
3875
572
4111
2719
208
5591
6617
5764
4219
4336
4909
6960
6810
56
890
1215
2913
86
5674
3867
2765
661
3476
2477
2354
5952
114
4924
276
6862
6494
6720
1493
5351
931
6157
6510
194
4282
1067
3993
670
1052
1260
947
6153
3104
2466
2555
6767
5578
5558
67
488
2582
1167
942
6372
1194
5407
1698
1077
3961
242
2012
1532
5264
227
3788
2005
83
723
5223
2398
556
5079
3540
491
2092
3088
6572
2097
2522
5872
3160
3956
5697
1584
2727
3237
516
3345
2755
6736
5066
618
445
4549
3444
4957
5799
733
2338
4093
4287
3618
5248
2157
2775
2345
3834
6435
1220
6237
5856
2235
6363
6566
4819
3820
4480
1937
3218
1147
5349
4623
4710
4082
3167
4321
6043
5790
6740
6903
2088
2491
2178
4010
5211
5358
5224
3424
1
3334
1321
953
3193
511
2493
3500
558
2271
2630
845
3903
4426
4836
6647
887
5103
1604
943
5169
3553
2666
6849
5099
6873
1664
6348
3972
3971
183
4948
6818
6324
1695
2387
225
6286
5701
6183
6750
5889
4778
1952
3827
4358
5031
2513
4036
3623
2523
3563
1427
3453
2742
5914
105
2501
3578
3275
4139
2051
6214
4688
6063
4606
4565
5252
4597
5824
5142
3324
5967
2770
2379
2509
1514
1274
6255
5899
5061
307
3975
6082
2311
5418
5721
1367
3561
328
3819
5843
6637
5681
5666
5020
829
2531
4003
4441
470
5397
3438
2800
5927
2207
4199
4012
5985
126
737
2141
5624
1694
3893
6632
3594
6802
5923
6004
3423
6398
613
1682
5687
4880
3907
1087
4185
3829
2194
6657
3225
1854
3873
453
1318
4300
3930
4302
4191
1935
4934
3607
4585
5375
665
6213
4988
5614
117
615
1161
880
4228
1499
5009
5127
2419
2801
2750
1730
1632
4387
92
6366
4940
3096
663
4172
1050
1879
321
4796
2260
2101
6845
1779
851
5527
1760
4885
290
4368
6781
1871
356
792
110
265
1979
983
6614
4937
3435
3741
6587
6335
5503
5920
3116
633
1587
3044
5434
871
6456
6967
3331
2438
4563
936
2380
6868
5336
4837
4799
305
3151
4301
4459
2262
3051
3550
1618
1735
5386
4343
2695
1208
5145
3467
4371
2556
5630
4374
2636
1418
3933
1250
6568
3210
5993
6698
1000
4437
4165
5268
1886
5016
6633
222
4063
2081
5260
3019
3535
437
3697
3943
1295
135
3087
4240
439
603
3785
1996
3058
5586
5415
4755
1613
1679
4292
2028
2602
6147
5966
4077
2832
3858
5139
2596
6685
3269
2691
6946
3567
2356
373
4305
1142
3678
4409
1697
6474
5322
2975
2368
3419
5557
2114
5522
351
4204
1286
4822
6018
4717
3093
4180
2971
4874
3165
2347
3953
3172
2822
2943
5210
4797
4941
4176
5284
6437
3246
3983
4756
3527
796
5287
4124
4235
6969
1438
1224
3284
2917
6749
1903
6026
5669
1732
3739
1994
4050
631
1970
2294
4385
1498
6168
5140
2210
4771
5646
6551
5807
1944
3478
3314
6631
1119
6186
934
563
4194
6525
3046
4267
4056
6636
3781
2677
4475
4931
1977
758
3287
940
6762
2758
334
698
4144
6988
2809
620
1045
6225
2956
836
129
4679
5882
6950
5598
6258
1266
2970
3389
4591
6368
1984
5164
2620
6792
6087
3283
2675
140
1908
5995
2484
3866
3863
6493
6427
3105
3335
6287
4136
3862
6822
1329
5235
1185
2893
1646
6319
5192
2539
4947
640
800
3078
4192
1958
157
3076
3048
2116
113
5410
3013
2129
4659
3950
344
320
205
5007
4217
5553
1629
3394
5935
3468
6399
5571
6015
6226
2469
2085
4863
4975
4723
5305
3868
4923
573
2203
1302
3349
1806
3945
2829
2144
4319
2885
3429
1978
4465
4421
5513
2517
4214
6310
6303
3065
4738
4419
4268
4065
1766
2703
2111
3459
5868
4212
1912
4482
6668
6282
2405
366
3715
4844
3580
2592
4316
2344
2519
2106
1221
1718
316
1975
6829
858
4726
4814
1693
21
5166
1247
1909
102
6539
2957
3280
458
2342
6375
6077
6715
3787
3895
4043
4280
6905
1245
155
5911
740
5033
2936
2458
298
2411
2153
3682
6142
6223
5431
4760
926
5342
5971
424
1974
3518
3647
6419
4350
2080
5633
1320
5668
923
4700
1349
4008
3705
4404
1115
6622
5249
4126
4174
6473
5053
6412
676
3967
5543
611
6923
6709
3084
4248
864
6231
4005
1516
3130
964
5460
4905
5677
1298
2651
288
5568
6272
3313
6608
4209
81
3974
4749
1289
5963
6320
5655
897
2251
4589
5813
4951
4656
3802
4668
3086
1042
6130
5972
2308
378
3322
5387
2863
2319
5748
2905
3835
4775
464
6925
821
3747
3073
3803
4624
3759
1300
281
5848
4007
1554
3609
3599
5940
1572
273
5042
5188
5759
11
5556
3626
5161
4713
2922
6201
1288
2551
6858
4804
3538
3622
974
149
6133
1708
3600
2567
4737
4646
4942
6406
754
625
6895
4270
3080
1926
4601
4665
2239
4273
6219
5740
4375
152
6199
5850
1426
3572
381
6725
654
1199
2115
1181
3998
6204
5499
982
1709
3310
2907
5625
6516
1707
2162
674
5916
400
1789
5559
1600
885
2528
2009
3344
1865
6538
3312
6841
4242
289
3371
1885
3982
6108
1422
1421
2343
4928
4388
5074
1237
1452
1815
4397
6068
41
5365
5716
1581
5964
5754
1494
4913
2733
5447
2992
3756
703
4762
3723
5399
4046
4458
1020
1654
1791
5430
2816
2468
1997
2986
52
1341
5442
624
6337
482
4497
1593
6957
1056
4671
6981
4954
1764
133
1905
4528
2397
3539
6137
6450
3960
3415
5352
1716
2542
2000
6744
2048
5077
3026
3401
6047
388
801
2186
3847
3738
3790
2166
4759
4504
5271
5601
5115
4543
6459
2574
4396
3568
2734
4853
4183
6240
4070
3204
3428
4083
3480
6824
3908
95
6964
2728
2961
5823
1816
4996
6217
5297
2265
3222
59
4481
5304
6621
5189
103
2086
416
62
3107
607
932
3845
4332
6136
6416
4824
904
4377
5376
2953
3140
3405
4045
33
4320
1294
6472
3833
3319
3170
2785
4473
4943
4554
5755
4511
3156
3507
4695
2580
6693
2030
1340
2094
6128
4994
4933
965
5976
118
2442
4178
2546
2007
141
3619
271
2683
6774
4669
8
3010
5198
3560
5795
1578
1057
529
1539
4286
6111
567
1460
2465
779
6998
699
2844
1852
2041
1444
1335
2535
6053
295
2269
87
1661
3243
2272
3325
5679
6874
4950
4667
3515
5417
3251
4216
5333
1666
123
2534
2629
2313
4792
1186
3751
4323
6307
1804
1299
2019
4741
6550
219
1888
5337
147
6800
3270
1931
6384
780
5017
4820
420
3264
5312
2780
775
5576
3261
5579
106
44
3347
2926
2851
6517
2657
6536
4622
6603
27
411
6864
941
6706
2811
3668
2628
5870
3496
1759
2170
1620
2810
823
5859
6896
4094
6254
3403
6289
4689
1508
2261
3273
5921
240
6475
278
5873
1976
3638
6511
1710
555
5222
6075
5380
1151
5356
6125
5961
4352
5206
4980
2174
6583
4702
1059
614
1524
6140
3328
577
5318
2179
3477
4870
3452
6421
2322
4719
6432
6362
4031
3021
2024
5243
991
4768
1744
6663
5584
3631
3456
2684
4782
6973
2698
4329
6921
4150
6256
2252
30
2444
1085
6881
1765
4148
1810
5520
4060
6120
1626
4210
1024
1158
1404
3966
246
5695
4838
1089
3510
5653
818
6600
1352
5045
1936
3364
6670
3203
632
5353
5623
2704
6488
6023
1855
6987
3316
4483
3806
5776
6737
2243
6933
2301
2393
2268
4547
739
4916
1675
4568
1241
2087
1672
2880
3119
5324
2748
5814
1362
3546
3549
2053
2768
4080
6347
3470
57
1206
2619
6724
2548
4175
88
2331
3446
6978
4893
3102
4945
4533
2402
1419
783
4599
1874
2305
6388
2852
250
5024
4033
3288
2176
1440
3639
4690
4143
3796
5637
4865
6995
435
6196
2184
3855
2440
841
6017
2510
5626
658
5786
2351
2847
4578
6854
6001
1357
260
1401
4521
3460
2643
6666
4832
5765
4049
2040
1264
2920
4777
5734
5530
6752
2043
5547
392
1457
1495
4424
5165
237
369
5791
3649
6031
3857
4989
2175
1780
3469
5348
718
127
5002
6844
1573
3425
1402
793
2981
5595
2871
5616
4133
1025
2996
6441
623
2382
3677
1540
299
6922
5172
3778
3300
1265
4085
2453
505
4359
58
5458
3976
2928
2756
1523
3422
990
6222
4436
3302
3411
2320
5991
3233
5943
3685
3343
550
4135
1558
2015
1575
2647
2959
3229
2400
7000
2515
929
2457
3935
4641
5227
6734
6093
1143
4638
357
6278
2718
360
6188
2749
5362
6413
694
527
2072
6742
158
3052
76
1253
343
4455
1817
2425
4616
3955
2460
2559
5488
4134
5273
5122
3057
2552
4875
6027
4414
5612
576
5784
3297
6682
4858
6410
3439
2872
3355
460
3410
2573
1134
3256
1621
2831
6177
6333
4263
2059
3154
1292
4460
5957
667
2586
1965
3309
4654
4246
5495
434
1715
489
1638
162
5917
1601
6161
89
5590
3891
3659
5288
4634
1393
5428
5942
2731
2977
5409
6271
6700
5202
4927
1557
2511
5013
873
6169
1800
1723
90
3402
2633
4000
3175
6765
1880
2329
4278
1146
4299
6708
2240
6365
1337
6878
3828
2104
4378
6448
4304
588
3484
4828
2219
6246
3395
2446
4225
6553
4651
3809
2520
2697
2772
1588
6937
1016
500
521
6958
2624
4810
807
6821
5048
1466
3404
6371
3378
4567
6673
6163
875
1445
1932
5247
1530
3831
781
6652
2763
2386
3488
496
3235
3810
1953
1023
2879
5478
2202
6839
4107
6321
49
984
3139
130
1768
1132
1211
1338
1407
2244
946
1074
826
6241
860
6370
2078
4340
5636
790
4758
1645
4652
2297
6502
4577
1249
5250
1883
5266
2432
2784
2903
322
6141
277
6899
5402
2813
1746
5062
6716
5523
6546
3501
1767
6312
3304
3958
906
3990
4730
1982
787
4697
3922
753
4922
1010
4038
522
2648
1091
1172
1533
599
3495
3150
5454
5090
5141
1713
422
5874
6356
6253
5474
3680
1755
5464
6576
6070
760
1525
5300
1075
485
4781
3902
3186
6548
2327
597
3612
1602
3766
2632
2696
4333
3752
3694
5026
1591
2023
5261
387
1542
1027
981
2373
4402
794
4901
3412
6649
6469
1913
6770
5308
263
1985
6558
3014
4848
6274
4587
6267
2544
6011
4310
5526
3351
4119
3654
2855
1361
3652
1123
3022
5204
6876
1124
4626
1657
1031
842
148
4501
6799
5118
1902
4812
6239
5039
5113
1390
3901
3508
4454
610
921
1843
2124
6764
6106
1863
2529
4639
2410
3874
1210
5030
6661
5416
1612
956
2782
1711
1339
1497
1263
3431
1989
1344
5186
799
4860
717
6
4108
5715
2553
365
5450
2214
5277
6506
4902
553
6623
5607
1071
1743
2963
1017
3125
2246
2152
2900
5519
3570
671
6374
2909
6465
3042
963
1079
9
1866
1403
3430
5378
2391
1254
554
5502
4914
5254
1721
6772
6497
6291
5093
761
6674
6150
3918
6260
1184
2360
6940
5384
6798
108
3768
4890
3655
1844
4894
4061
1475
220
6757
2743
4163
2454
4507
3912
6887
4614
4104
6122
3832
1297
4958
3359
6918
3330
4057
2610
1277
5270
1898
54
5554
2316
4891
5152
159
4664
6089
5767
6819
6544
2518
6996
4984
1412
6218
1761
6509
5245
639
405
6956
1275
2167
6855
1639
1157
45
241
3635
5463
2408
4971
5316
3399
5183
5656
1163
5218
6811
635
3808
2759
6776
4138
429
4395
1878
5119
4201
552
5664
5808
3033
224
5728
4559
1366
2131
3239
487
4131
2976
535
2635
5481
3071
6791
337
6046
6311
3414
6943
1108
881
1201
4032
4442
6178
6110
6794
5802
4151
1946
2774
2189
3854
5176
2424
4179
6062
466
5231
2738
4592
2737
3089
843
5783
2389
3432
2979
4784
2858
4271
1122
2725
1376
4813
2063
3134
1481
2034
4733
5746
2966
4090
561
4184
5577
3989
6144
6457
2180
204
2564
1420
5108
1080
2637
3936
1218
907
3807
1553
4023
4025
2448
3757
3911
1041
4786
716
6275
231
6394
94
5195
377
3236
4944
319
648
5469
2713
1313
4028
6662
4795
6713
2381
2037
3776
4285
5628
571
6252
5508
3220
1033
1785
600
3598
5854
5398
3707
1395
3740
4663
1216
6028
2886
454
2837
5817
1963
6721
4456
816
664
3381
3188
6357
395
5744
2430
4226
417
1446
6029
5987
6695
6738
1178
64
2193
6244
720
101
3445
3223
2794
2626
3190
4471
3034
2611
4254
5215
5385
4433
2497
3765
695
6779
2
3474
1433
4602
2224
1202
2982
5319
6491
2168
136
5200
5769
5805
768
3683
6134
6624
2413
4106
797
2286
5216
4014
1939
2378
3823
6206
1425
901
944
2788
580
1356
1867
3689
4676
6392
3115
1924
3147
4187
6814
2171
4227
1606
5599
1651
4997
6044
6514
5560
3418
2263
6119
1726
513
350
6436
5064
637
598
1128
5706
2490
2735
4102
1567
594
1971
2807
2795
3846
6281
5076
6620
3529
1343
5801
3894
1673
2139
2910
3864
2282
4389
156
6131
5369
3448
4746
2481
2806
2350
3879
2741
5651
6315
3591
3036
1592
1722
4508
6908
5411
6580
5939
5534
5796
5197
6584
5494
5766
985
3111
5521
6443
6013
6313
2145
4748
125
735
4493
705
6440
1736
6847
922
3041
2159
4168
4466
6391
6904
2310
5875
3317
3675
5978
3978
5965
3735
3440
1315
6067
3801
1569
1987
4160
6228
5861
3108
854
4618
6462
2802
5063
2374
518
3688
1501
2482
447
55
2576
752
2985
1197
1992
5306
6942
3767
6718
6590
6411
2328
3557
383
5608
5533
5842
810
3491
4527
3606
2627
230
2353
3135
5004
2537
5022
769
1734
536
3603
5782
533
5819
5821
3268
2416
686
6549
5137
710
6499
3308
2641
3064
5265
5000
5054
1850
292
91
60
5583
465
3679
120
1028
2854
4541
2330
2022
353
79
499
5565
5159
4115
3651
884
4540
2892
5758
77
1479
1605
5388
4558
3791
1180
6036
2688
4604
2050
1769
2181
5180
746
4520
214
4051
2459
1381
4714
2591
6162
1608
5947
5919
247
5787
2600
857
2653
4502
2455
5473
4116
2099
2937
3883
1832
2950
5346
4886
6754
6052
1373
994
3002
6479
4560
2068
1048
6599
5088
2256
5155
3464
6353
2192
3408
4159
859
5299
6096
211
4518
1738
1959
1358
4684
1820
1406
3157
3815
4573
1776
3228
3406
5684
874
1563
1833
2869
5603
5281
6775
2035
2716
2818
3196
5128
3826
629
4262
5400
5762
1875
5070
1030
6577
4907
6730
3346
749
284
820
5177
1391
6302
1727
3072
6264
5111
2638
1731
6882
4802
5290
5949
4494
3585
4883
4435
6444
5314
6197
1568
3853
5136
6309
889
2723
6961
494
1328
5151
331
5465
3633
5779
1895
5902
2161
961
4019
6607
4410
4977
830
6381
2352
6934
5010
4936
2067
1110
1892
1773
4780
805
5810
570
3700
1170
4318
6619
3913
6054
4500
526
6249
6012
2824
5089
3962
3219
6528
1103
2777
6297
3702
1819
2245
1824
863
6689
5280
6856
3763
3625
2812
3601
5574
2644
6306
5025
4487
4673
2473
3719
3980
3341
5401
911
4349
3230
4856
2848
6756
4365
4087
1342
1830
979
2414
2495
6678
3039
4084
2527
5
3121
1204
4492
4006
2198
119
1993
6008
6165
3262
6210
802
3005
3295
3775
2026
1921
1619
3987
1653
3925
5173
5065
5883
6039
3642
2599
4680
4693
3361
4929
6886
4800
3103
382
5179
2835
5538
4391
1076
6468
4525
1781
1762
61
5394
3852
3726
523
3168
3608
1165
713
456
5199
6102
653
221
1293
4526
3905
2055
6349
1417
5167
4571
5354
111
1504
2512
2753
2689
1687
5552
892
3311
4932
6003
2415
6498
446
4956
5773
1790
2669
6820
6009
6151
2699
5219
1308
257
3061
4221
5258
1717
822
900
6080
6605
5448
1301
3850
5977
1069
6975
6541
6596
341
239
1603
1018
1331
2720
6124
3290
3613
4991
6817
244
4821
4970
6308
3473
4256
1120
3112
5951
266
1405
6069
971
2279
1314
6613
4716
217
4224
2102
2073
3504
4022
5023
139
1428
5240
2395
6304
5711
1640
1537
1098
3505
1595
6877
128
2423
993
2312
4808
2206
450
5945
1853
6019
844
2132
5327
1507
3970
236
4231
2722
4701
831
1696
1006
4164
4915
3632
1652
3085
1749
1655
4769
551
4078
3493
1623
1153
5788
6589
3216
5617
925
6512
3797
25
3718
3009
6972
690
5969
3732
651
3520
5980
4661
5217
4089
1570
2878
2595
4112
359
189
4334
1988
948
228
5830
1227
1036
1813
402
2884
2275
4935
3526
361
483
2304
3259
4448
4538
6932
3914
4195
6840
5698
642
2225
3531
1808
6276
1296
6037
4288
6747
643
5278
634
1189
2888
1268
1505
3118
1914
168
6103
5812
2003
2370
4275
2934
2013
2154
5433
4330
1411
2406
5080
6676
3586
375
1753
2899
2776
5970
6277
3859
731
1353
1346
3916
4400
855
154
4422
1637
6971
1737
4619
1775
427
4398
850
234
5389
1248
1233
834
6897
4847
3327
253
3951
6002
2084
5157
2449
4177
1522
5257
4897
3754
5803
4418
6467
5181
1641
2616
1306
5110
3511
5392
4647
138
3038
5731
2479
255
5239
5038
6760
2991
3180
3214
6883
2158
6653
6916
6203
2760
738
1787
2417
2332
5739
1209
5535
5908
2326
1429
1021
3770
4037
3699
1688
5763
970
5209
463
6480
2805
6401
1811
6547
229
3551
3400
1232
2475
1096
5546
1583
4955
6139
4926
2833
3174
2839
782
5735
4992
4625
5094
386
2587
1083
2273
612
3148
6574
1162
3617
1229
72
1492
5067
621
3928
493
6317
5555
4428
6513
2883
1748
4550
3650
6170
5283
2149
1282
4331
5205
1826
3437
195
324
4552
4393
5339
3350
996
3149
6452
6496
5928
1432
2439
5604
5147
1262
3482
5001
4962
5160
960
6627
329
16
2673
5446
4024
586
5545
3708
2693
532
1226
430
3506
431
666
4327
1574
2709
5816
6192
285
5226
1943
5602
4515
3870
1065
2191
3812
4255
715
2682
2443
6359
1847
336
3940
3024
6758
3199
1066
1223
5654
4517
3421
5150
5012
2112
1441
1127
1112
2685
6481
6181
3094
296
4054
3525
5296
345
2908
3720
1745
203
5114
1287
2808
6154
6145
725
6947
2318
6247
2868
1812
6571
6741
1590
3368
2295
2134
275
2836
4535
2364
4072
4479
4086
3667
5501
5933
1291
2421
2259
4548
4610
6667
5482
6898
1699
374
6669
5831
5837
4486
3109
1333
3636
5364
4079
4855
4129
24
3602
4322
5413
2779
4444
3299
1614
4788
5255
3195
2607
2634
5955
20
3851
668
4968
1430
6769
4925
1907
4467
1370
3027
1560
4850
6022
1246
187
2137
828
5360
1179
757
1794
1450
4672
2283
1230
6127
3628
3584
759
4803
5355
389
4598
2640
1658
1771
1009
1270
4457
2185
2545
3836
5548
6123
5581
2791
4326
798
5509
6686
6326
4613
4298
4253
1354
5292
3413
6526
6132
5193
1788
6294
5419
2739
4277
5514
837
5665
31
3822
3805
3263
5105
3582
5396
474
6837
2605
6118
5424
655
3020
2978
6146
251
806
6935
1114
2581
480
6543
3643
4873
1414
728
1149
6953
958
5992
5201
3660
4011
5344
1322
46
5860
1173
352
193
1271
5168
609
6092
1758
6520
835
2258
2128
4754
6929
891
2715
4833
1551
1409
5368
6852
5371
2309
2212
4147
2220
711
3730
4137
6079
3483
1534
2874
151
4058
6160
6364
4831
4259
6913
2521
3380
701
5212
5847
5997
2358
367
5298
6859
5341
4363
6172
2487
472
6377
5659
919
6990
1348
39
4241
3892
935
626
5187
6639
4200
1947
1478
4339
6414
4793
3872
3840
4884
3590
3462
4789
256
6354
729
4530
6508
4439
5220
5852
3839
899
6164
3032
6671
4274
4205
6629
6221
1436
2549
5221
5006
1893
170
4249
1740
3509
6691
1111
2150
2334
4815
4711
638
4369
6773
6090
1538
5594
2572
3817
5745
2113
1272
5896
976
1597
6986
5370
1488
5667
4593
5347
4096
6033
6330
5649
6805
3137
3769
4722
2077
6426
1916
413
617
4366
2429
6540
5313
1803
6318
5984
520
4960
2532
6184
4648
5256
6917
6166
840
6851
4888
3122
6007
272
2563
2891
1364
917
2918
4020
6466
903
6687
813
5032
2789
3227
2817
1611
4161
3569
5635
3145
6634
2001
2074
3701
861
3117
4283
1054
967
4718
333
2208
1477
4064
2864
4757
6984
1384
165
1431
4383
4040
652
6857
3158
4188
476
3441
6664
3881
2744
2853
3166
5485
3799
3789
2631
6393
6616
6404
1086
212
4691
51
6342
2999
1778
1503
3442
4317
6266
1609
6290
4284
6209
5705
5461
1002
1904
2091
4510
3059
4499
1669
1325
3664
134
438
1008
4009
6645
2133
6174
2762
340
180
1092
6892
4130
3733
1486
2109
3597
1003
741
712
4478
3800
4229
3407
6340
6050
2151
5050
1792
5738
5906
3704
1334
5794
2901
937
4904
5836
1635
5421
2025
915
348
2130
6945
6323
2010
1846
2949
5627
4835
3544
2237
3615
1278
3427
5323
2375
332
3029
5694
4966
1073
5041
5752
1459
4967
4879
2990
4633
515
2995
4335
3917
744
5761
5956
1686
4390
3069
6329
23
4751
5372
478
4146
6098
3247
2160
1517
6793
3208
294
4871
4506
1825
1829
908
1345
5507
3164
2608
2315
2366
3979
3541
4899
173
5895
5611
349
512
4121
5436
1818
5476
1741
2965
1860
998
1387
498
1809
252
856
730
6848
3964
4105
1754
5682
1881
1326
4536
109
2064
2687
26
5892
5589
4556
6191
1548
2584
5839
2659
5046
3727
97
6768
1258
504
3513
399
4202
5315
2122
4660
3063
1856
3646
870
3144
5340
2445
2790
5757
6705
1596
6951
3522
2396
3393
5732
748
528
4829
6924
5263
5934
6938
3209
1617
3329
4877
1545
310
1836
1756
1379
1518
5121
6532
1267
3211
1870
5778
3305
2825
6190
48
3267
995
5846
5330
1177
5909
4627
5662
2850
3475
3265
5833
5302
5818
6677
6449
6927
3101
2011
3503
2233
5606
191
2146
4509
3162
3973
5700
2945
883
684
5279
657
992
3825
4122
2514
3968
2867
895
1862
3761
5570
4088
977
5800
4542
5149
6273
1586
1480
3136
5084
2472
2778
6696
190
3909
6559
1034
1544
1561
1823
3161
3941
4434
6438
6643
2577
6025
6288
1915
679
706
3897
4635
1082
1630
2135
5562
3082
4859
5086
471
4361
3054
5174
3258
5878
5320
6884
6702
2188
4662
5427
1195
4692
616
2873
1610
198
2136
5171
6020
3816
6325
1577
2838
5936
5564
3593
1375
4551
6831
6423
3062
2843
4686
2994
3882
6697
73
6202
3556
6965
6875
6860
756
6425
4798
5688
530
5470
4203
952
2598
2656
6648
6458
6604
2383
4887
5864
6021
2857
4103
3226
4328
3250
3232
5619
5685
1043
1068
4544
3877
2365
4514
962
1643
6454
6300
5647
6477
442
1240
6836
174
3795
3337
1702
188
627
5317
2125
6970
74
1966
2740
6635
602
683
1171
6808
2110
1473
4
4053
1456
3363
477
4290
2172
1078
1665
5163
812
1676
1930
6790
3952
6095
3512
3487
6034
3886
6051
1188
4498
6045
2712
479
268
1022
1424
4861
449
3326
5456
2076
4449
1029
1911
2047
6336
672
315
5036
3920
3131
4091
1145
5531
3221
2054
1783
4783
3773
5457
2814
2069
1164
3542
3169
3436
4631
4372
867
4770
5683
3360
5310
5274
849
137
6985
5804
6198
2828
4983
1526
548
2645
3336
5714
3004
1585
5040
4986
5832
6383
5455
3420
6893
6185
5073
2292
1383
5241
1449
2264
680
2155
902
3391
1081
660
5749
5492
2226
5196
2700
3519
568
2554
5797
5742
4522
1681
4476
5549
2361
1307
4906
1312
5232
6230
4731
6346
1799
1007
3352
4637
1290
262
4999
2420
6888
3959
440
6723
4075
3074
1919
2033
968
131
2660
5486
5311
1109
2388
347
1084
5703
2409
2217
762
4461
6268
5540
4843
1840
3254
5406
5049
6786
1133
4236
502
3023
6270
5484
5135
4642
2299
2665
1690
490
2274
2205
3995
4576
3030
4451
1549
264
1154
1703
2127
7
2561
2143
4699
2984
4736
5153
2540
2972
2823
700
5631
2745
4685
3249
509
927
4413
3260
6451
5462
4516
2029
2300
2250
5567
4041
5904
6683
3006
4357
1834
4630
6097
833
3463
3409
85
3772
2006
5528
3099
5449
4674
4346
4233
6367
6534
2915
6430
839
525
1845
4153
1410
6005
4987
3589
641
1116
2228
293
6351
421
6761
2196
3581
6557
1938
6482
6396
4743
2671
318
6024
767
6563
579
3658
6483
6445
4109
3988
5487
1869
5052
3611
4362
5382
6000
2674
6615
69
882
4132
5044
6850
5078
249
1476
2177
6651
6283
473
697
5886
4979
5841
3128
5696
6866
4182
451
6086
3753
2333
6339
4785
6999
207
3197
2678
5069
6378
4752
1615
4953
547
1633
4127
346
1035
3240
898
1960
2571
1838
4584
1490
1724
5005
4852
789
2621
2925
1243
5689
4607
2507
2126
5525
3382
3931
4611
3356
2467
5865
5960
6243
3492
3562
3575
2117
5672
1684
5325
2142
6064
2557
2639
3674
1413
4532
5361
1928
1955
1256
4534
6257
5880
879
4384
4232
1004
2337
5975
1642
6926
1317
3662
6813
5236
4052
1876
5229
3353
4013
785
6630
6505
3566
1442
6083
14
6334
6976
5719
868
1336
3434
1305
5938
2079
5106
2562
1805
1283
3372
3045
6420
2163
5234
5132
2107
1990
426
1933
4042
1622
2711
6216
3244
1725
4234
1281
1705
1001
3255
5704
1861
1212
4657
2456
5862
3728
3173
467
4908
817
540
939
6504
3489
2355
4324
3279
6952
3824
4215
1550
287
5774
1484
3818
1467
852
2781
4237
1991
1386
3573
1012
5720
2140
6941
4186
3277
1088
84
1347
4658
4347
6530
2058
2894
2390
5133
3307
354
1859
2255
6035
3153
1063
6974
4098
5532
5770
3253
358
2222
2489
4145
323
3450
6207
3306
2065
5477
5661
1198
457
930
2123
6588
4596
5905
3991
4564
1956
6658
4462
397
406
3792
1468
2667
3904
5730
6066
3899
1462
6355
5357
3555
3060
4761
6065
6215
6803
4059
2993
6316
4431
1039
5414
4438
5496
1827
3387
1125
1448
1983
6301
6955
401
3804
6611
6016
291
5806
5901
1922
396
1793
6900
5096
4337
3536
5452
1998
3942
4818
5500
938
176
6519
5420
2008
5652
1887
2538
3016
6101
2876
5412
4643
6400
2530
5979
5242
5390
1046
3497
5393
5680
4650
5671
4854
2369
100
6807
6501
2933
6173
2841
2412
28
2769
5551
433
1625
3
3984
4261
267
1261
6327
5898
6828
6944
4171
6672
5003
3138
4016
3182
6555
5657
3924
3934
2392
4379
6369
3783
3841
5726
4071
1957
3231
3217
6279
2955
3091
5425
5213
4117
893
3127
5815
4047
5741
192
5286
3532
150
3113
4621
2787
407
3698
6654
6823
1579
6492
232
4918
6712
215
2121
1104
6704
1140
2958
1941
5713
6038
4791
6048
3865
3565
6870
3281
4912
3517
6579
1097
4849
2799
1782
714
42
6248
5518
1757
209
595
6692
6292
3257
3342
1728
4767
448
5610
4712
1656
6564
4490
1225
5550
2601
6072
846
5158
6212
5596
2428
233
3315
2119
3163
5582
1837
4312
3669
2702
4315
2914
6314
3007
2803
5736
5381
363
3948
2929
619
2169
6405
5262
747
2846
3887
3576
1166
3000
1527
650
1973
1319
4985
795
1543
541
6386
4243
4152
2652
3028
5441
6867
506
3318
3811
3184
1470
1772
6992
3185
2589
5335
3744
2707
1463
6766
545
2284
4772
933
2461
575
6707
38
5175
4920
5156
2849
4230
2754
1382
6194
4101
2223
2407
916
3192
2767
4869
5055
808
75
5686
1332
2071
6041
6390
2216
1310
4982
722
6838
1500
4026
3245
3640
3939
153
5373
197
5321
6983
1365
6994
6495
6476
1951
6299
4035
2147
3047
4149
777
4394
2060
2434
6238
3645
4381
312
5638
3686
688
6058
2093
178
3040
6816
1351
326
4862
593
3276
4575
5693
63
3369
5996
1058
6562
4683
6914
4017
1995
507
1371
4470
3630
3876
2904
6415
6552
5359
2298
3370
1529
3187
559
4173
869
2302
5510
6827
5440
910
2761
6331
380
5729
3849
5825
4167
6602
6242
6778
5438
1576
5071
4811
4644
3571
4495
3692
5162
5092
2471
6439
4503
1251
1159
475
1136
317
1174
736
959
2349
3842
32
3661
1894
5879
5051
4142
167
335
5423
3641
6485
5334
371
1455
5303
6486
6684
1999
2213
2376
4062
3461
6332
2164
2989
2399
978
10
441
702
4055
4044
372
2710
1506
2348
1564
766
5840
3691
4488
763
468
98
3171
384
6233
3141
3079
300
5437
391
1101
2038
2502
6295
5632
587
3293
4851
6057
1927
6912
1949
3780
537
2325
5285
847
4258
3745
1350
4308
4376
4794
4250
6135
1940
4910
6484
4373
776
2618
685
4817
1434
4995
3201
6376
5272
5043
3068
724
3206
2662
659
675
6556
3644
6453
4864
2593
1239
606
6993
4223
1155
5498
5294
4289
2646
364
53
6195
93
144
6618
185
5529
2889
3750
5116
5366
311
206
4125
245
2027
4155
6727
6345
2792
4617
3530
6522
1443
5107
5517
1214
3234
560
4882
6656
4380
1954
866
4447
578
2820
6193
755
2242
3706
3949
1864
2866
2199
1962
235
3075
3286
4842
2426
5660
432
2504
1868
5018
6379
5676
4580
1327
3861
1848
5301
2418
5060
5620
2578
6200
4099
112
5641
5974
4128
2670
2506
6835
1168
3081
6842
3365
3906
270
5998
2232
1235
1531
2404
1571
6285
3386
4193
4603
6561
1311
5775
4403
5597
1309
2594
1238
5374
6322
4600
4445
1627
459
1900
4411
5958
3737
3031
2694
82
4004
2042
3358
6717
1192
4266
3177
243
3049
379
773
4553
18
1130
4745
669
5959
29
3373
6885
4311
2287
6227
4123
5737
4257
2547
1807
5459
6719
6801
4823
286
6088
2039
678
6601
5124
1219
6606
969
6143
2474
5929
4586
4787
6006
3053
3764
5642
1889
2877
3888
2306
2676
3120
3915
1552
2257
6680
4092
966
1565
6593
1841
1739
4353
2488
5772
4867
2603
5973
4295
5710
6894
6745
2968
6748
6711
4512
4423
6846
5100
2597
4069
122
6928
4946
1647
462
2020
3266
3179
5350
5768
4140
3375
5931
5863
574
2797
6982
5890
2570
314
6205
5377
2209
1359
5097
585
4574
2227
6224
4220
1882
3703
3524
4816
2764
2371
1519
1562
1369
5439
5724
3018
166
5946
4029
1005
1777
199
3844
5544
4998
2575
2183
403
1137
5126
6100
254
5903
6609
6305
1972
2367
5692
1752
6565
5950
5702
4675
3205
5102
1015
4120
3944
3083
692
1324
1117
5605
3947
96
5085
1323
6373
1822
838
5207
3471
2916
6220
2658
5034
4427
6014
4566
3656
896
4097
4845
4401
804
6189
2690
6464
68
5185
691
4678
3202
3558
584
3878
2494
5443
3457
6783
6434
6782
6361
418
6920
279
4081
5182
3376
2896
5404
4840
6681
3159
1714
4595
862
5867
3624
2436
564
283
1032
6714
6930
5506
5925
4698
2783
484
2002
2988
3921
4790
1774
78
1923
4463
1191
4739
3132
5130
1662
742
2962
4830
1102
4279
503
3449
6777
6690
6701
6078
2289
3774
5913
1252
497
3843
2882
1363
4291
4801
6763
6117
3779
5332
393
3986
5075
6537
280
2930
1304
5276
6832
6407
4605
4296
6176
1644
1624
2980
210
5670
3396
3067
3183
4588
1580
2796
5811
4245
6806
2987
182
2757
832
2751
2485
6795
5541
2793
4666
4766
1873
865
3390
3919
5282
1685
3614
4903
5383
5028
6578
2156
6890
4364
2346
2340
1981
3248
4765
4348
274
4030
5981
2004
6815
6293
772
390
1509
1044
5747
3426
1183
1217
5884
1802
355
5707
6250
4732
4341
6114
1203
4076
302
1464
3523
2478
4776
5293
5328
3417
1536
788
6954
3486
2952
3292
5893
6071
3499
5771
4351
5479
4895
1152
2221
4198
181
2095
213
5723
2730
5733
539
3910
6116
6812
3616
1801
605
682
2650
4826
6521
6180
2277
4921
4990
6471
1712
1521
1374
1437
2786
5613
146
6523
2524
4964
2089
1099
2503
4917
5244
1469
1458
6455
2771
5648
6261
2732
6834
3252
562
3963
2372
1060
5329
6784
2215
428
2463
5982
1706
4632
6595
6073
4735
1389
2845
6232
5170
972
2541
3559
5480
6594
1828
5941
486
3996
6529
2887
5855
3736
325
4896
1906
4696
6389
987
582
4303
2500
6175
492
2752
1636
5989
3516
6030
4892
3433
6138
6542
957
1512
4974
997
3890
6735
2108
696
5238
1242
1276
3880
1483
6907
1454
5844
1945
6402
469
6948
646
5999
6112
3533
4344
5561
3274
327
15
5144
3716
5986
5203
3965
4590
4629
6915
6061
5237
3814
1599
3543
1144
704
3690
2834
3278
301
2948
6129
1330
2773
5600
5289
2724
1207
1169
1106
3734
115
4238
3721
681
1607
2897
4416
1176
1683
1487
1055
644
5309
2997
5081
171
6167
3946
3332
304
6428
4252
888
5483
5471
2860
1231
5363
4687
1729
4706
2585
673
4356
4265
5154
6655
4048
557
6431
3786
5131
2204
2241
510
419
6598
2826
3176
1719
3012
5948
2714
6156
2642
6229
2056
2766
2612
1491
4313
4744
5885
4973
4978
6804
4961
2717
423
3494
1831
4753
765
2815
622
3981
3238
1193
1040
5907
6679
2433
6344
5690
444
6265
4779
1435
3213
4981
259
2431
1677
6901
2447
6731
3889
5793
4615
6040
3338
2324
4314
3077
3017
791
5120
2187
2103
2462
5580
2942
5291
6710
3552
5467
4572
6149
4450
1187
6871
5900
1196
5143
1380
1589
5780
6470
34
1918
3838
803
2681
1160
5504
1594
2045
2118
4774
6843
1910
5926
2590
3025
1496
4244
6939
1948
4889
4809
5015
3339
3620
2314
172
811
3977
2165
1228
4581
2201
5524
2954
1511
6787
5709
6560
1182
581
4429
5877
2951
1139
3957
4370
3241
519
5395
3725
3681
6545
1062
3066
1372
2655
308
5367
2359
2932
4725
6638
6343
5068
5809
2293
1842
4425
4866
6234
4408
5912
309
4938
6158
592
443
770
3123
107
3777
6879
2452
3885
4857
412
2288
4703
5214
6585
5777
5753
1070
1920
5057
3587
5563
3366
1857
6338
2248
645
5228
3095
2247
5083
5184
6966
4594
3693
6461
5178
2190
145
2856
4636
269
5251
4412
5678
1013
1011
546
5918
534
3323
1129
734
2066
6861
6049
398
1368
6478
4190
2998
1485
4727
2499
1205
5871
6959
6640
4681
3114
6352
3577
1090
2014
2280
410
5435
2606
3333
5915
1798
4399
4805
3285
1559
5331
4189
6527
223
6360
2550
1126
6797
687
3610
184
3481
5566
2946
3695
4708
1535
5827
4477
4728
4354
4468
5190
1502
297
6906
6395
4524
4196
4740
1135
727
4345
5897
3676
6358
5058
6659
2558
6755
5059
6518
2278
4834
4881
6182
3929
3092
3856
2983
216
5091
6076
662
1839
4959
5708
3547
827
3758
6380
6675
3272
4872
5512
5828
689
4440
5493
628
5922
5490
3729
6625
3782
1901
3869
4485
6869
5516
3710
5019
3191
6042
4763
5887
1917
604
5691
3830
47
2182
4704
3398
6447
6487
6298
4555
2921
5994
6789
542
5618
3687
104
5588
3377
4018
4750
6853
3207
4472
1747
872
6105
4294
1105
4415
3447
2341
3604
2729
4677
1014
945
2018
1671
1650
4949
175
6729
1891
6865
3813
4545
2617
5857
2964
4707
258
4841
2046
3684
1660
2384
4529
6788
2895
4539
5225
1929
4074
5129
1255
784
4523
5924
2705
630
6397
1107
5881
1942
5639
1969
1474
5930
3992
1700
1961
6280
914
3037
5575
2052
43
1049
5751
4208
4807
196
3717
1190
5253
2061
2746
6626
2049
4583
5699
3294
6586
3490
1582
1634
5123
4110
2931
3673
3178
2566
5866
1520
2249
481
1763
517
590
4919
743
1720
4609
5645
2974
4001
1061
5953
2938
1416
1388
815
4206
4645
5422
6753
1360
2290
1667
5727
394
66
6991
1547
750
5008
5345
5990
4158
2253
6460
3200
2496
436
6726
2148
3742
2505
656
2082
1026
6446
5962
5326
6208
5208
3871
2536
1896
5138
1566
3709
6592
5403
3291
6055
708
5104
3097
3665
4670
1663
5675
3528
4034
1546
3050
6350
3090
1659
2335
1175
6825
1674
5718
3932
5405
4169
3110
6296
4118
2902
2362
2321
3514
5295
1628
4963
4608
1273
2919
1257
6382
4579
3954
4519
6936
3354
1742
5644
2057
3385
6728
4969
4806
2435
707
2569
409
2560
4993
1396
2339
4653
1213
5822
5267
202
1100
5230
1234
2967
1980
4068
3383
6408
2668
544
3746
5615
1770
3634
950
6387
4247
3554
3574
1751
4570
5572
6699
3296
1704
721
238
5511
2096
5095
5573
1986
1064
2840
5643
4452
596
1670
3357
6646
5888
2450
2679
2649
4264
5429
2036
5037
4338
549
3629
4342
3282
3011
6531
2021
226
4170
6997
2708
6889
2266
19
5853
4537
1689
3303
5505
2032
3008
6826
5650
1890
2441
1385
164
1556
1279
6094
3821
6780
3143
2307
6533
6429
2543
6989
2238
4496
988
1095
3181
3592
6628
6644
3055
303
3242
5838
5585
5148
1489
5712
2623
2721
2234
4469
3537
6771
6341
4952
4562
1156
5194
2865
565
5307
1200
6591
2075
853
764
1378
6074
5587
339
6785
2200
913
5191
3548
3003
376
4464
524
6010
1967
368
6796
4417
330
3152
3579
2120
116
955
6694
1285
1858
4021
70
6422
6733
1072
4724
3749
6113
65
3133
2890
2870
5673
4900
2973
1934
5259
5338
4211
425
877
3637
