889
994
3040
1742
3594
863
1078
858
853
2308
1199
1393
518
1944
1195
3423
2901
975
258
3853
431
3136
177
270
1412
1656
1469
854
2212
1270
3364
608
652
3856
2141
3710
1056
1469
1730
1618
1418
224
1229
2132
3777
2608
1099
3181
1851
1778
3900
1401
2706
68
120
1308
691
2005
369
3403
1797
3123
2331
1168
1218
1451
3859
3007
1314
1248
745
82
1702
671
1728
3881
2110
1806
904
1131
788
1629
2146
3001
512
1907
2381
3855
857
1318
1087
1331
3887
1325
1663
2383
2813
1882
2524
3071
480
1944
3739
197
906
1435
1481
2297
943
1136
526
1956
774
1138
734
913
3534
3691
3372
1151
1812
3559
1026
1475
3029
856
1163
1267
503
3318
2764
2346
3460
3272
1605
1554
2193
1645
3814
300
2056
622
1091
1565
393
1458
1112
2661
3679
3793
2215
2689
346
3582
1918
531
838
1196
2832
3627
3045
1782
2006
2385
1566
1204
1951
2568
691
1203
1374
2940
470
2718
298
3136
1568
3089
2070
2771
2708
816
2539
537
1675
1036
2812
2587
2042
3732
279
2290
2658
3249
749
3730
1373
3899
2176
2366
2811
1020
1574
2895
3848
114
65
528
1161
3979
3063
762
733
1040
1475
2271
3459
3129
3044
2142
3306
89
3866
2345
3057
2307
3545
1872
2673
1807
3748
3783
3430
3445
668
947
2591
2492
3527
2245
448
2406
3590
1941
2999
3178
833
2919
1516
724
469
97
173
3055
1133
2841
2320
1384
1270
3996
2613
3254
1963
777
3721
2237
258
908
3083
3832
1151
1255
3719
1271
2050
687
3941
310
1156
162
3968
1061
962
1117
2385
475
38
939
3675
3780
1720
432
3582
1760
3758
1101
746
3964
2648
3500
2782
842
2730
2946
1454
1289
3950
3734
3049
930
3317
924
1850
3361
2517
2884
1860
1109
207
3222
546
2896
1263
1601
1846
3778
1337
3816
1120
1238
3675
1520
3141
1983
1160
30
2678
1070
2954
811
2558
584
1774
1391
3177
2042
1330
2164
3167
1644
1648
2573
1122
3606
1251
705
3016
1943
1925
955
2021
856
3258
371
3818
96
1108
1774
1817
1827
3164
1973
3079
12
536
2462
1667
927
1623
1025
3431
1219
555
3276
1765
430
1856
1282
1935
3929
3175
3752
2481
85
2038
3096
3584
2958
1419
3675
3312
2768
2777
1262
866
506
84
3128
1006
1607
583
3545
2906
117
3587
646
969
2959
2946
3639
2519
2863
3804
2361
3789
2964
198
660
2180
2571
2589
56
2183
3542
2071
1977
2423
3528
2145
3141
1985
1311
1728
3617
3176
1468
398
2370
1008
1293
3447
3760
2543
3019
1948
3191
566
1555
201
3658
3241
3051
112
432
545
3727
1881
867
1491
1293
3675
2566
2838
3803
917
2940
454
578
2617
2635
1899
2280
161
184
3760
1591
1103
454
3524
1348
2488
3121
290
2262
2296
1879
3290
2249
3033
3713
2394
2572
1373
916
3240
3799
1188
2129
2221
86
95
964
3738
2276
3366
1972
1386
2269
3675
2020
3493
3802
1426
2711
2670
950
3473
3861
2610
2702
1769
577
1097
2525
1750
2598
28
2403
310
3811
626
2861
1636
767
1432
1603
571
474
1704
3149
260
2951
1675
686
1870
2563
347
3629
1551
3956
2192
3214
3412
2267
1965
1444
3254
826
3317
3653
2670
140
1632
1565
2142
1833
1717
3577
2922
2753
2655
1577
759
1595
809
3558
2853
54
1458
601
193
3634
1005
3686
76
1001
2881
1934
3407
1913
1493
1111
1517
1626
147
2363
1806
2094
1585
922
3154
1696
3565
710
605
1043
86
3166
3599
3686
3808
448
646
1200
437
3675
3658
1354
1155
1436
2535
3356
3945
3770
3532
3579
750
379
2744
724
3323
2343
3315
2973
2558
1754
196
2257
2419
2191
1709
3264
1935
1120
1280
3408
2713
1591
288
2089
3798
745
2881
1728
2550
2480
2709
1700
3791
2841
2753
797
975
1640
2528
1409
497
2267
1991
2112
3890
2308
3134
624
2958
654
2583
1479
3345
857
3694
956
67
2360
165
932
2775
8
1827
3030
622
31
2987
3783
1221
1869
2671
291
900
1117
1720
2280
230
3333
88
3051
3811
433
228
86
3211
2366
1412
801
2852
1212
3135
3187
1103
178
3720
1818
328
1743
1265
441
1945
3616
262
265
2138
2050
2172
3624
1940
2009
3467
930
2322
3364
1386
481
196
671
3764
2574
2276
1003
2451
2140
2524
3392
2802
2333
1602
2688
517
1317
1750
2084
2995
2774
3032
2885
1458
1685
1222
2301
3821
2624
2935
3428
3195
2199
391
846
77
104
2776
3352
1116
1834
1340
3374
1686
1099
161
2321
2373
917
3804
2988
3296
3140
3011
3988
2034
3952
1177
3749
280
1635
3712
2521
1478
3628
442
1288
3553
1061
775
594
3568
2255
2821
2
1465
3436
1424
1658
3966
1238
2985
3179
846
1753
2885
3658
1920
281
1400
49
3240
3225
631
2221
1121
3995
2502
1576
2688
814
1111
2508
3832
2733
3280
252
491
3293
2407
2158
2163
1956
3334
3194
405
3803
172
1635
3171
3242
1291
3959
180
3252
1420
1380
2140
1045
3924
2140
2384
3019
1898
2938
3841
949
2001
1544
3945
492
3586
1875
3749
2768
1617
3378
999
647
3920
3901
2442
3801
3646
2743
1351
2202
231
2633
920
3306
1114
2776
2179
2948
3916
3946
3245
3472
280
2044
3338
1531
296
2768
3636
3625
1822
3952
2243
1874
1626
1968
3520
2081
3208
2366
3146
440
1720
1971
1216
1909
961
2671
1716
2063
301
3934
912
3094
3781
1981
3800
1291
1252
2258
1447
3255
3994
438
1769
260
851
2813
2519
949
3663
3835
1009
1154
865
3121
2861
2695
1638
2853
30
1534
122
421
1910
2483
1629
138
121
1346
2016
552
3539
1832
1380
2693
2938
2585
839
1817
1023
2311
3387
69
607
2839
1284
2107
576
2255
965
1716
410
3845
1618
2780
3076
846
2977
3428
1734
2517
589
960
1643
2711
378
608
1799
963
785
2826
1842
2000
2216
3099
2633
3994
1081
3937
2590
3196
3022
106
3537
2389
2491
808
1518
962
3381
3999
1526
815
1270
1259
3154
2370
1710
3482
1765
2787
898
794
1854
1294
500
3302
3736
2072
1414
426
2415
3178
3529
1791
588
3959
2285
236
2262
2891
3862
2226
937
89
462
2701
3362
2285
1987
1572
2478
2512
457
2380
500
3182
1983
2817
2595
1657
1641
1426
2891
3764
3477
229
1142
727
3865
1283
1503
125
1932
650
2871
2569
1883
1805
3437
985
809
957
951
3928
2623
1881
3327
3068
1089
2454
3718
2538
3078
1031
1387
2035
1141
2976
338
3156
621
1598
737
1008
3825
408
1680
2506
623
567
3386
343
314
250
3366
2203
3734
56
3656
3092
1054
1287
2761
2368
720
3608
566
2693
3878
3734
1775
3886
1319
3877
433
402
652
3353
858
140
485
1875
2232
3809
2511
2098
1150
1788
3771
2887
3940
715
2264
934
697
3407
1667
2092
2013
3395
2808
4000
1936
3382
3684
1026
2850
1201
644
696
2292
328
2196
3216
2109
1610
1883
1272
1653
2783
2254
1035
1603
273
2882
3858
966
1706
2019
3454
3047
2990
904
826
1315
2595
1494
2927
145
2520
1375
2613
2988
905
887
1437
2364
3148
2802
1150
2563
262
2714
3115
646
2798
2255
2992
2170
811
14
2253
1028
2218
3401
3074
2019
1887
357
882
3519
2499
4000
158
2390
1518
2946
1356
598
1887
1650
16
645
3438
1545
1166
1501
804
2287
2202
315
3397
3693
366
3124
270
3404
657
2878
383
1698
3925
3850
3797
2495
3498
1603
3342
2778
1059
2392
1565
2126
3161
1415
782
821
2423
183
2533
182
1830
676
1336
3813
1652
3454
538
2216
3193
2170
436
692
1717
3130
560
131
1693
874
3841
3277
1002
2691
80
2726
3666
437
2571
3272
2884
3660
3994
1717
2020
2264
2133
3954
3678
3642
1555
2502
3711
21
1552
2668
101
223
1077
2827
3888
259
894
3270
3064
406
1826
3346
2424
2513
1652
656
2866
3061
166
3714
2386
1316
645
3423
2902
794
438
1498
2306
1211
3035
1705
2029
3379
2198
1795
1870
1375
827
303
1227
798
671
3292
2899
3062
1162
3462
3747
87
1125
656
2180
53
217
2696
1905
177
2589
2275
2829
2543
1991
2523
239
3175
2505
2944
1511
1099
1523
2521
2385
3465
3669
2994
2347
1690
3440
884
3799
1327
1529
1796
2977
1186
2894
2219
3972
2447
2486
844
1015
1839
3075
329
481
578
1008
2105
1328
843
681
2177
3887
2369
1061
904
1221
1497
3668
1219
3068
489
467
1709
484
3368
2554
910
401
2264
3770
860
1281
668
2297
3679
2559
17
1195
478
103
524
1542
3683
3044
2182
2750
1180
165
102
324
2103
411
881
1675
3304
3727
3129
1771
2605
2817
2495
3087
1780
3390
1773
1632
1527
2031
2254
2758
452
2431
1025
566
3565
1872
2301
1062
612
3540
2564
3927
2271
437
3488
1236
443
3373
3628
2989
3493
3492
352
3626
1673
1777
2027
3269
2776
2016
171
1391
2462
3911
2520
3225
3143
2749
2970
144
3866
873
1578
348
465
3755
2350
3011
768
2388
3632
3756
2836
654
3010
2835
3121
3323
2061
1990
879
1255
1560
3561
2839
3398
855
2101
3107
228
185
2468
2939
3415
2806
3291
551
559
106
644
3933
1483
75
3065
1637
565
531
2794
2252
2707
209
1405
2127
3436
3089
2404
419
903
1216
1277
2429
1585
3597
798
3497
1822
1875
1800
3801
2382
2384
1003
941
1387
2909
269
1438
827
1079
3280
231
1219
1286
784
3600
2679
185
1666
3824
1085
2700
483
608
3240
3280
3127
2061
1344
84
1807
303
1901
353
2308
2019
771
855
1636
2155
1759
3398
3865
2252
494
2729
3658
1548
3811
2732
3399
2133
2879
2020
2929
3148
1476
2063
1023
1827
2075
1553
1267
3266
2525
3038
3688
3452
2061
3431
1414
2197
272
2749
2173
3111
2414
3691
672
37
300
3855
1746
3625
3937
3109
2416
2677
1753
3154
2023
1392
2529
1111
1600
3348
1733
1965
2935
2311
422
303
1289
1944
3743
3292
179
3577
1650
1800
1429
1592
2460
2241
1852
756
1260
85
1072
495
3240
1893
2561
787
3327
2786
2114
3642
1430
1297
3101
3295
3903
2290
2761
3332
3976
2187
1714
2686
1760
2506
2775
3398
1089
1843
2171
2937
2369
2198
2331
3598
106
1268
3752
1279
1882
3311
3029
3365
468
3986
1282
3228
2662
3908
3945
2914
2484
65
2843
3843
1198
1952
1435
612
1203
1696
2106
2426
2766
928
1912
1817
271
2657
1033
2948
698
3450
341
3703
3408
2739
2382
3723
122
1560
1739
901
1133
780
1874
1415
1075
3295
86
1961
1629
2856
97
1401
2252
3253
509
281
1747
948
1385
941
2220
1359
1481
1522
2185
3958
920
619
309
1558
1047
1607
1576
1651
2869
208
975
4
3964
1053
3049
2196
3133
3672
1339
574
2559
3131
3709
1884
413
3135
855
1813
159
1146
2936
2536
2871
749
758
2321
1730
751
3
2282
3315
2067
943
67
1833
3424
1073
1838
3281
632
1932
719
2738
3245
3058
1490
1266
3157
278
3761
2121
2082
892
2854
3202
1999
2881
2919
3950
2710
2713
632
774
2046
3864
3520
57
263
347
2126
319
1879
306
2010
2056
3281
728
653
1010
869
691
3429
3441
2819
2075
79
3941
3041
956
927
2401
908
1979
3974
1284
3202
2698
1516
3126
1752
1428
3772
2093
1573
979
1625
3004
801
2326
3494
1778
2283
178
2085
2943
569
3089
793
2740
660
3461
1796
324
333
1682
3914
41
2769
825
1336
551
3435
757
1609
3923
573
2310
646
2877
3838
2687
1824
2622
406
104
1176
1228
2857
2758
2250
3586
485
1926
2187
2289
2274
1559
774
249
2121
2529
280
257
118
932
2943
1927
184
3773
3194
1690
3711
3282
3007
2794
1096
1167
1061
3298
3201
2506
795
3947
3049
1039
3364
3693
3286
64
3730
1263
364
60
1982
2007
425
1724
1984
2161
1928
2965
2138
2748
575
3279
241
627
3485
1976
1413
547
3337
806
390
3328
1849
1158
2765
636
3756
2404
1933
1667
787
2164
3471
3059
237
3286
3732
3935
3968
1036
1265
1230
3318
3212
2787
3124
1165
134
577
3363
3298
2473
2927
1728
1428
2424
3512
1630
1366
1711
2539
1586
318
1961
765
3669
1313
1125
2632
2136
1956
1694
3160
1798
2473
1178
3815
3540
3002
2939
279
596
3760
865
2325
2693
2334
487
2854
280
983
2295
1406
1870
682
1373
1990
2892
3374
2250
1909
3696
3338
2771
3321
2227
803
3593
1846
1879
1068
1586
2543
213
1754
3307
548
1291
610
328
1792
3543
3349
158
71
934
929
1636
2031
2361
141
1473
1744
240
1871
407
2896
3803
3674
1350
986
894
1882
614
2814
3364
2125
1989
288
3952
1139
1988
894
701
1462
2792
2675
1653
2273
3332
1124
2124
732
2172
732
716
3597
862
235
3814
1607
720
2027
496
3152
1383
3509
557
2137
2884
565
2222
690
1001
1856
1412
374
1151
350
468
3947
568
2078
2086
1983
3310
39
2590
700
3997
748
471
3994
2352
504
631
2470
413
744
240
105
2706
3091
513
1947
3134
742
3490
3789
2348
1034
1381
2697
2207
2747
1636
2981
1376
2804
1835
3378
2824
3692
3049
3611
3485
894
3552
3544
61
3462
1976
1341
2995
132
2476
938
2231
1634
602
3397
2269
1821
860
1356
1692
287
2615
3259
3495
1026
3865
139
557
934
3489
3646
60
3102
2899
2960
1241
816
3641
968
3037
2694
1652
1975
456
3350
364
422
3960
1605
3656
1560
3904
274
397
3437
2267
2334
1
230
1090
2845
2106
3893
2842
3838
608
2017
302
657
3795
2455
2683
3907
3455
1421
422
377
276
1937
1248
2342
356
356
733
3537
1692
1528
897
3408
1123
889
626
1288
3269
3889
1878
3002
3659
765
1113
2677
795
2126
3292
3628
2569
3950
1089
1555
514
1699
1802
811
3152
3207
3334
1642
3505
3294
2513
3555
1755
208
2449
2677
519
224
1267
2750
3502
1933
106
21
548
209
1649
2314
2341
1094
358
3985
3963
1282
1468
2242
3139
2152
493
454
2926
3674
3427
1956
3866
3621
2787
2168
3964
619
2579
2502
1408
176
2993
2464
1086
877
2167
128
1614
3655
157
3920
3480
658
3249
2935
1564
2443
2014
3797
1465
1794
87
3893
1399
247
1581
979
2151
2414
1615
1065
2021
2289
189
1609
2875
2322
1917
3502
3581
1233
379
1707
3734
3374
1537
1026
1051
3461
2983
3021
201
2510
2854
1416
2660
2538
1876
3373
813
3855
1057
2733
1187
2625
1578
3083
3469
1169
121
3835
2965
2861
3133
658
1554
2513
2022
1527
3996
209
1069
1168
3302
2051
2804
959
2185
807
1455
555
222
3094
2535
2838
3671
2957
1216
3925
296
1960
2359
459
1960
2514
567
3877
804
797
2901
3338
851
2578
636
879
2086
3324
3659
669
3556
2343
3697
2377
1780
135
1913
3598
983
502
1054
928
932
1182
864
1539
673
1143
2580
3925
3894
1704
503
2901
1544
2131
3905
3628
997
1593
3776
509
1050
1191
1664
568
423
3330
3868
170
3157
3559
1709
1873
3983
1598
2588
370
2939
1116
3308
2575
1527
2673
3423
655
2791
3994
608
2552
2518
3184
2174
2863
1586
2273
2454
1078
522
2007
1771
3135
2500
2823
2507
871
2765
1867
3414
3937
3775
3816
3499
35
353
574
3666
1988
2124
3193
2252
339
2067
777
1438
3294
3187
1165
1992
3191
2405
2302
1330
3243
716
1594
3644
337
358
2021
1241
84
2271
1899
261
1734
1245
318
3916
1045
3951
3439
2521
2408
663
1298
2917
705
3447
3517
2314
2924
1820
3923
2821
3122
2057
940
2911
764
1243
3754
72
3982
728
1189
3957
1509
3087
73
1787
88
3066
118
1177
1918
674
3682
2250
2708
3771
1832
3801
1484
453
1788
2472
3948
1372
544
2707
3222
106
713
1749
3883
3663
3738
3399
3357
2049
3087
2153
2208
3024
2847
3890
74
1435
1241
219
2420
3088
21
3030
1259
2619
3154
3474
452
2703
1827
491
555
777
2634
1775
3109
2244
845
2544
1829
2385
3103
1429
3532
872
243
707
2428
939
2753
30
925
3424
2358
3186
3969
939
3535
170
3290
3285
2270
198
882
1847
2692
2425
2629
98
3917
567
3016
3294
3426
2889
2867
1308
1530
3604
3692
3940
1333
1002
3034
1736
1993
475
235
911
3498
720
2968
2930
1204
723
2669
3025
3919
3042
1399
250
2340
2985
3038
465
1528
2374
3606
1989
2250
3108
2970
3741
3345
3943
120
1019
2127
2502
2777
2834
1670
951
1333
1643
2670
3202
3363
2378
2513
2354
3708
3062
3002
3599
369
483
2717
2739
3522
2315
2719
3421
1625
2010
1808
3897
1379
1105
955
2026
1962
3100
779
3303
3836
1888
2878
2592
330
1137
407
1881
3820
693
2765
771
1537
520
1953
1983
1557
3397
2588
1765
1426
3992
2485
3646
3251
1196
2910
2599
2269
3210
1145
530
1726
3668
2168
1094
3114
1723
1893
2961
3886
333
3537
2220
2581
2111
1130
821
3848
2109
526
1660
1002
192
3469
3881
1771
2644
1811
1711
1327
3321
2260
1405
2943
3658
1482
3089
209
700
1918
3095
297
2558
3759
3796
2872
2482
2990
3468
2045
1878
1832
3525
3830
481
239
2574
3772
2218
1202
2494
2484
1145
3720
2056
2806
2388
885
636
3920
813
1938
1452
2432
281
234
351
683
473
262
2822
2785
3101
2674
2133
2037
1558
1336
1673
1434
3644
70
3705
2687
3930
3171
964
1753
1334
3427
3175
3959
2276
2097
3883
1418
2589
3977
1765
272
1246
1703
829
649
540
2306
2810
2178
1377
1531
1205
3484
2421
725
3336
1997
3510
679
2256
1765
2161
3523
136
1065
3722
54
2832
1813
3042
2112
3372
3178
567
683
1734
799
3463
1155
366
1186
2962
2354
1139
705
3508
1333
2716
876
684
1924
1560
2846
3337
2657
1354
1360
129
2213
1318
934
3865
875
3681
695
3673
3423
476
1460
3906
1262
3952
314
3970
2162
488
2009
2982
1903
2316
2616
2653
579
3862
828
1163
2766
298
3933
836
3956
2219
508
1234
1326
675
3695
3373
3947
1151
3408
1819
2151
1000
288
1326
2488
936
1647
2305
664
2538
909
121
405
2702
1114
3002
461
3739
993
1252
1616
1809
2615
1957
2541
508
1543
1109
3683
3525
538
375
2515
2605
3628
423
2201
3882
3928
65
2800
976
1741
515
1178
790
2344
43
794
862
2855
1731
2517
3581
1637
98
1232
817
839
365
368
1903
2931
334
3665
77
1457
1552
1758
1409
3048
3059
664
138
1886
3183
282
842
605
1860
1512
2460
995
1415
3550
2707
3717
1254
3770
3614
3680
980
1858
2870
1806
3989
1146
3868
3679
57
3845
1286
2600
853
1188
2902
2520
795
1034
2915
1998
555
3579
3417
910
788
1791
2159
329
2696
3226
1135
3264
2776
32
1620
93
1654
3076
2992
494
1593
2029
3101
2685
20
857
795
3682
1072
3485
3583
1565
2834
2823
97
3783
3667
2173
1264
1024
1906
1838
3306
1574
1421
3030
38
3481
2015
1725
2912
1730
3898
2510
58
680
373
1704
2865
1619
2664
1176
3656
2281
3278
2689
951
2212
2787
647
2716
3341
3686
872
1515
3706
327
3294
2731
18
3020
2535
3170
887
1851
3688
2917
1285
976
917
1517
2667
2292
277
1201
2720
3613
885
479
1283
3218
108
1673
3833
3869
1274
804
3141
717
2790
1249
1176
3777
2204
2644
3553
998
3112
2651
3591
2363
1533
1672
2645
3877
515
49
817
2191
2845
1958
2660
1596
3772
1600
3055
2787
1941
3137
3928
1275
3333
1038
1662
1121
3544
1460
2958
572
1400
2343
377
392
1624
1007
2119
2637
3471
2523
1528
818
1807
1172
2639
799
2442
3742
3364
1963
942
2711
301
905
321
1678
3586
3848
3323
1591
2170
3053
1888
3375
3647
3505
1220
3741
2864
1664
2290
1350
1348
2445
3713
2764
2044
575
1663
640
3600
1301
2477
607
2020
3393
1235
1517
3007
2217
872
2015
497
2402
3347
186
2568
3711
3289
1982
1206
3122
464
2284
2136
3669
1695
2849
3727
3583
2568
3432
3405
2271
613
3325
1124
3395
251
2779
562
3798
1478
1565
574
2641
2672
3177
2663
2778
3417
1972
3260
2870
347
231
2052
3749
654
1141
3052
2277
3911
1122
3288
597
2032
3033
2138
1251
3301
2901
55
3263
876
711
2279
302
2681
3754
533
3584
310
821
1724
1445
225
741
1994
3050
1752
795
1349
224
941
942
2659
3791
2360
1151
2624
1565
588
1701
102
3645
222
2236
3180
47
2761
2478
1362
2520
630
1930
3325
85
2278
3155
3049
799
1291
2889
3103
2976
3306
3774
1888
27
3304
294
3109
1648
2046
3878
3061
3104
626
2841
2270
3640
2188
2545
978
3426
2385
219
1584
3145
524
2681
218
3488
2245
2092
3979
2456
2117
2304
1648
3611
2563
709
501
2608
3698
161
2440
1228
2081
556
154
3307
2817
476
2948
3358
3851
585
1052
1315
1272
2088
1877
2272
3670
818
3402
3445
1512
1961
2305
3308
3116
3593
1042
604
2751
3322
2707
1562
3036
1266
918
1913
967
592
1301
1904
3031
832
1247
1104
3684
3553
288
3427
212
3321
588
841
3649
2435
2784
2986
3885
2594
3141
3992
826
3480
3128
2178
460
450
599
3151
2550
2678
1908
2346
1288
3804
1122
3726
2425
1934
1430
3561
2052
3767
2744
3369
2626
1667
2239
1710
3354
1146
2320
911
2331
2808
66
1195
2282
3643
1247
3950
1703
1675
2596
2892
1607
964
2812
2630
735
30
2646
3665
782
1038
1534
2819
3724
2505
1084
3249
927
67
1099
3454
3311
682
1999
261
9
3896
2229
498
3464
3312
2127
262
3878
2463
802
951
2561
595
3772
966
3116
229
2861
2257
52
1545
3449
1406
317
1167
1558
3362
2550
1560
1601
3004
3227
3988
2355
1798
2394
854
2067
60
158
3467
3248
1540
229
2811
872
1960
3948
3260
3899
470
3543
2860
859
3509
2843
38
3912
2349
1483
1379
314
1870
3363
3024
2203
2715
3464
3720
3510
3117
1656
210
3925
2133
1388
3852
3398
2491
389
1798
305
2181
3923
2100
2056
1500
438
1030
160
2476
1432
1933
3673
899
3843
3338
841
2584
2605
353
3792
2535
3117
3069
1850
2855
3469
1135
2957
1058
365
1137
3838
1434
1002
3283
1815
2332
1914
1531
1325
1006
81
3164
3776
2561
3217
2705
3181
2307
481
1984
309
192
3365
1762
2793
2010
507
96
2457
433
2324
3185
220
3167
1489
3121
1406
1558
1459
1254
3512
1061
3555
3173
245
3901
3018
1007
3315
740
984
2760
893
3446
2837
2031
2003
2548
991
916
1457
586
3618
3293
2068
2324
1434
889
3689
23
2487
1401
3821
159
2564
3291
370
993
1468
3671
83
1105
2473
3277
3776
748
3941
912
2205
3032
2721
218
1840
2238
3157
586
1074
493
2418
1292
334
1482
1689
1146
2965
1308
2970
936
1243
2907
1306
2799
3523
2611
2699
2955
1075
2194
2379
3789
1406
737
1818
936
3757
203
