1807
238
265
596
858
1693
255
895
963
1447
60
1714
1083
481
1035
1370
350
145
1599
512
1529
811
1988
1602
1304
1921
439
1915
1985
1985
1363
408
849
1516
37
66
1310
1980
1029
897
887
197
913
1761
624
297
370
785
359
1014
1259
780
1342
1034
12
1269
894
269
902
684
1141
1409
1246
1882
653
1911
583
650
805
574
892
1066
1663
792
531
1805
1455
1989
1733
351
326
938
1222
55
1091
547
1874
722
510
1256
805
1319
1875
1000
1680
1161
1349
552
1953
403
151
363
1177
1917
693
141
1425
1041
1985
275
169
1283
821
193
1908
295
1057
94
266
11
1356
1068
161
411
346
1673
458
1134
321
1050
729
511
517
922
1695
1609
1700
1856
1674
771
1079
393
175
410
1805
49
1657
1090
1083
375
294
1782
370
1301
1700
1329
1554
288
1836
1265
544
1630
1452
1108
1463
1848
884
1112
1103
130
1023
1911
836
1622
1616
813
1694
403
1360
1364
776
432
1193
1278
1894
1924
27
34
384
1907
1888
226
203
718
329
1276
1418
103
667
1372
1001
1201
130
1135
263
729
1751
1852
1476
474
1341
125
1693
1585
544
129
600
236
1553
278
1855
363
592
315
497
809
819
1736
1532
229
986
91
553
17
1144
928
614
1377
1926
813
1113
1396
115
731
1769
5
491
174
607
1258
357
1729
1842
1856
1107
308
1791
947
1198
1295
409
991
73
1456
541
310
1047
1841
632
433
819
1596
1936
1968
1485
1148
858
881
36
1779
1945
1906
126
253
1369
559
1440
1382
1941
854
1759
1716
277
1946
92
509
266
1463
651
33
699
1677
1063
1693
285
588
1705
742
1843
441
682
1502
1792
13
773
1809
54
1019
311
1850
929
1800
1015
174
1948
1156
1177
1847
703
1403
1928
943
731
1812
805
654
333
230
1608
1018
56
233
1195
1056
783
1237
1354
403
1799
640
1098
1916
1930
152
1904
1699
1992
1784
739
1489
1949
1834
827
855
1065
13
1467
780
522
1098
258
51
1566
392
1221
1314
1499
1135
1737
967
477
804
1440
767
910
291
1708
1525
1655
627
1805
211
482
835
1035
842
1045
716
110
1037
1046
1942
627
420
1508
1991
1825
497
782
499
226
1454
487
194
1857
978
1872
1924
771
1685
1681
1363
88
1683
1851
1660
1156
178
1322
1468
518
36
34
1664
382
911
1400
738
844
628
534
1790
190
835
1467
1821
469
1684
788
457
1009
678
1429
1697
1965
1119
1406
1177
1074
1469
1331
1364
213
648
713
967
1790
441
57
963
134
125
419
579
592
3
655
1818
830
1602
1520
1541
848
1236
216
1998
914
1100
1246
517
807
1557
863
1911
1646
141
1952
1997
623
471
772
608
1714
1207
1094
890
183
1735
1994
1624
958
1732
484
998
923
407
1994
1909
364
1823
1100
98
1820
893
1729
655
1409
762
1172
1245
1120
49
1713
1007
1085
858
1219
324
228
1014
969
1426
286
1144
698
339
537
1851
67
177
227
510
786
1789
1170
565
1009
107
1353
1430
939
1322
1791
759
733
524
610
825
110
194
444
1430
1837
756
711
438
1897
1459
1180
1787
932
1450
1886
1118
267
1774
7
819
1945
1636
129
940
1803
1137
1285
558
1758
78
1116
424
1822
1437
1187
1924
1170
1090
1379
1601
1843
370
796
1999
1632
1038
1289
1797
1065
1297
40
350
1452
628
1709
80
1864
1244
539
1851
395
1561
1924
792
543
1671
1776
1333
568
930
1602
1858
1124
1158
1538
641
1082
494
1195
566
1939
1163
273
1153
1011
554
1163
1252
1251
1140
949
209
1589
790
1832
1967
1649
948
581
111
314
7
632
262
1285
1022
795
1211
1060
1694
635
670
1778
439
464
436
1374
1141
1071
34
1402
128
1123
1933
634
1749
1052
462
1024
1553
555
369
1247
1043
1448
246
1199
1926
1990
1452
7
1760
561
80
1867
1304
1255
1959
1920
741
690
1758
917
1957
1394
739
401
1579
281
1244
602
1353
832
1229
1641
1414
1118
782
662
1054
1557
200
1954
1201
1980
667
1905
296
725
666
1691
1424
961
1289
1376
510
871
1352
238
38
81
476
798
215
554
118
1885
1781
632
948
1627
1045
412
259
1127
766
1061
1440
816
615
178
407
1814
1776
387
1560
850
720
337
1039
1963
817
9
635
1229
1331
1105
1112
433
1523
1626
1475
1349
1921
1703
491
178
1018
170
688
1449
1446
1700
700
624
1854
1240
1796
766
800
771
672
1896
901
1548
454
762
191
679
21
1487
610
701
1893
1602
60
1269
1554
93
425
1799
194
1597
1929
613
341
620
655
777
1002
92
1665
255
1824
1985
301
1547
1615
1232
207
1307
1901
1469
1129
381
130
746
503
372
430
484
87
1280
577
1842
1188
1254
1800
1564
1173
1349
1964
1045
1992
473
885
296
767
1914
1721
589
860
631
582
1469
989
1859
224
980
925
1982
1682
1835
1194
600
1565
969
510
131
1655
1465
555
477
1094
1974
3
259
363
334
1109
699
695
1242
1796
517
1427
1020
591
118
1891
1825
501
525
49
1009
684
135
564
1673
665
1163
1847
556
1135
1767
1115
1700
1427
1642
1103
678
394
461
30
152
1846
1907
1152
1525
887
1377
1924
129
1723
1348
1373
233
322
804
646
962
173
1175
261
1734
569
996
1401
1033
1509
1305
3
344
1228
1514
329
1059
1756
1545
1792
254
1168
1358
641
770
1070
1509
1302
25
1363
351
656
1692
1700
1272
1655
1434
805
68
1998
423
454
1615
1144
982
288
15
459
194
1356
70
1267
382
624
984
1865
204
1505
1018
100
454
525
554
1096
206
1947
256
1095
913
1572
548
347
1715
1559
64
25
10
1929
1154
1795
99
292
1607
1256
1895
427
749
717
877
778
736
1007
51
165
465
1553
145
1275
1984
1386
1824
1169
289
1592
1960
1671
168
751
876
1062
655
1330
1152
1497
1876
1333
1798
400
1515
1612
1241
1582
10
149
1021
278
30
936
380
1133
58
1712
1633
1183
1492
320
1764
261
1365
760
1870
620
779
549
1010
1433
484
226
508
464
900
207
955
366
959
583
1030
233
1642
1043
1447
1456
252
375
1743
1761
1242
402
1515
570
151
570
1545
1350
1982
534
1532
22
505
1505
1687
491
662
1657
89
53
1236
771
817
208
1369
1890
928
234
1899
846
1224
827
159
799
739
1023
1146
593
1742
279
1151
1179
329
157
52
1129
413
1468
1915
1316
8
1092
1674
698
1880
1556
1542
1684
181
1467
994
1717
180
1158
1057
1392
1600
919
911
432
751
136
154
1479
262
1917
1629
9
1436
160
1589
402
1434
225
1630
1459
259
1307
165
1407
1218
1283
1808
891
1996
849
504
1961
409
1624
1274
1016
349
1670
1038
1248
646
1296
491
1237
1401
343
1588
1377
1057
1301
262
1143
1543
1017
198
913
1269
1375
1655
1032
880
1978
498
914
1029
1242
1553
799
1191
436
1744
1969
349
543
582
1823
1753
1776
644
955
459
1343
1843
710
488
1335
1938
1181
808
1454
717
1494
1104
117
1525
1508
601
304
693
68
1840
475
1892
638
1943
77
1540
1907
1999
864
788
831
1243
461
732
393
177
1634
1678
847
1079
146
102
129
1362
882
896
1523
806
1309
1178
1792
253
1099
11
1011
783
1933
170
1614
736
1130
1923
1297
842
1715
1007
1491
1286
892
265
281
1293
211
335
1922
1017
1738
764
1095
1053
852
1606
168
1701
832
869
1376
1956
1450
11
1707
886
999
210
907
561
55
1751
218
70
1371
469
204
820
1844
1942
1651
668
1350
245
1218
581
1375
1509
306
295
664
1563
1197
202
733
1145
1369
1976
54
1700
173
1834
85
1580
1498
576
59
1285
1543
482
1575
427
787
1722
189
1340
771
717
1592
1708
933
1484
1274
234
1992
1088
554
1919
1021
421
1872
220
360
1141
1597
1817
610
700
1044
392
1471
162
100
17
805
488
1526
1285
1597
1825
1780
1281
782
1153
1461
482
1242
1800
1485
1306
1148
1810
1336
584
856
1546
1198
741
1256
570
189
1638
1301
486
70
301
741
1469
1646
1455
914
32
24
1043
1997
1297
1565
170
149
132
115
67
1458
594
119
1128
960
1054
1383
69
1253
573
813
1514
1265
1758
1684
481
1341
83
1262
1419
1334
312
1844
500
936
1342
770
1484
1290
261
1767
1000
1806
602
1638
757
230
1745
1852
1238
1874
448
1779
1933
1832
647
594
975
371
1109
959
1720
1379
1828
1769
1257
874
1931
1247
1492
1359
630
812
1356
752
374
1893
750
1503
1954
1026
933
544
137
292
1374
300
939
984
1974
376
147
963
1662
22
1658
1867
1545
1439
466
467
1513
1528
1287
1596
1035
1574
1335
147
182
1437
43
623
1778
353
1624
1793
1383
205
709
1231
1548
1010
1492
165
1245
517
1831
1006
1934
155
287
1471
638
1463
595
849
243
824
1122
194
1046
1216
997
368
1621
53
1088
853
1167
43
86
1340
931
1243
598
158
190
544
414
1372
454
901
685
570
114
828
921
1793
413
935
315
570
428
1290
830
927
823
610
1834
1841
347
291
611
1802
1451
65
1806
193
615
1615
927
1752
302
1085
1129
1761
625
1896
1536
622
1036
1455
1718
876
1159
1924
893
1465
1518
1217
14
229
1072
1820
1105
838
1637
1864
20
238
175
249
1732
1444
1857
126
1426
382
1135
844
1740
85
679
1262
855
1363
50
1062
1695
878
469
1921
1235
673
226
1016
806
737
938
1645
1834
1452
1085
25
497
1298
1370
596
398
168
1066
1666
1493
1689
1777
1737
15
1750
1483
1551
497
309
170
193
1114
476
1739
1600
895
1097
1872
1591
187
1009
630
1237
1277
1501
1348
215
1840
460
1680
1185
612
1371
709
1916
942
850
1623
14
5
720
9
1144
1142
1432
893
207
1662
1484
1669
914
289
1123
1898
613
1436
1603
351
1626
1212
714
1876
480
797
558
1233
1195
1070
1807
233
1658
1324
1298
917
933
378
1077
1940
1941
1989
167
324
336
581
141
1009
1013
774
495
1556
85
1395
1675
49
64
1539
1032
1906
1295
944
834
1689
1077
967
1647
1695
512
1395
1356
245
1210
47
1911
1213
1487
695
358
1849
516
951
672
1055
1074
672
502
969
867
104
562
1053
59
795
753
1665
651
1652
1894
304
796
1940
599
881
553
146
860
1652
1608
1834
1093
220
774
1913
1919
1670
989
1241
1439
61
1274
187
1494
22
1233
1583
3
599
1688
1112
1503
189
681
326
359
2
935
969
528
1669
1476
934
748
1505
1034
1399
1159
1153
10
1269
1988
959
57
428
415
92
1528
1030
1577
1422
1601
1423
927
43
215
1964
176
738
1412
45
1868
1514
985
326
1345
1307
358
1749
1275
599
1754
798
111
1163
76
1140
1862
25
531
1157
1683
1305
804
1351
1419
1997
726
1123
927
827
1554
624
82
1505
1299
323
1263
1543
928
