5507
7457
2795
4571
1901
1951
3047
6883
7730
2962
944
2331
555
6470
7154
2685
2872
2987
5989
6570
4919
4289
3308
7456
1704
3851
3141
7664
600
7707
7391
3722
210
1844
114
7562
3287
876
6416
4486
3242
4766
6172
107
3774
6204
3034
5960
2314
5959
7587
2493
1868
4781
3465
7583
6261
3930
5632
5668
4504
6372
7929
7278
7667
6972
5726
1573
7508
2017
4575
7229
3752
5144
1654
675
2045
7816
4866
285
505
2851
6377
4161
5159
3920
4515
7425
5121
1771
5389
7402
7424
7945
1415
1338
4544
3488
6503
2761
1625
6756
5197
5879
2157
7931
2051
4840
5292
3217
2150
4589
527
1397
4196
6960
478
7632
291
7642
6356
772
105
7388
5039
1508
5526
1019
5076
5900
7500
5122
1933
6205
4873
3467
6085
6597
5542
5135
4327
6719
838
5892
7440
4488
581
2915
6763
5795
5407
20
2823
7770
7516
330
6921
4907
511
4284
2954
4093
3688
5954
3507
4846
6729
4552
1420
119
2402
750
5627
7548
7291
1677
679
5995
7217
4409
5701
443
806
2985
4298
308
5706
2269
4529
706
450
7381
4904
5793
734
6297
430
7195
1444
3711
2133
769
388
6075
7170
7966
1323
3834
176
360
1921
6816
5294
273
4218
619
4914
3426
180
2226
4195
995
1181
3611
7672
7574
908
963
1021
5190
7431
1221
6764
4393
6837
3044
4817
4428
4320
6944
3082
6262
4611
1467
1982
4635
1557
1835
3941
984
3381
7836
3372
7491
2580
5598
3366
3353
5616
985
7540
81
480
4816
5556
5771
2836
4459
6272
6293
7001
7405
3479
6455
1843
2684
2377
6943
2310
5079
6010
1663
4626
7295
265
3480
3665
2344
1859
3018
4304
6417
2843
1119
1123
7938
101
1091
3742
2303
6701
2218
6370
983
4676
942
627
889
5523
2277
6259
1857
515
470
4165
3604
5938
3977
6593
222
19
648
166
3586
4191
7560
7507
2548
5277
1066
6386
1505
6283
7095
857
3623
6958
2612
4752
6740
6577
2919
7684
743
7959
495
6202
5535
5731
3318
355
1551
2960
3592
5315
7795
3811
4226
3438
4426
1813
6360
3718
205
1793
4847
7102
7742
6973
3360
988
7627
896
1439
5777
6268
7700
2620
5709
1242
229
2794
7810
4086
6194
2102
4861
5702
793
1147
4644
7311
2399
5044
7575
2742
7122
2573
5480
1300
453
2981
3536
5394
7886
7782
4121
5922
6409
418
559
372
7072
2163
6118
541
2312
2999
4089
3891
6703
4056
5054
1990
5479
1033
7653
1022
2906
6941
710
187
6096
7859
1198
5363
5951
7341
1956
4394
3120
5936
5296
5191
8
307
5176
332
4765
1174
5544
3484
5592
6233
722
1436
7887
5092
4180
2438
5206
2604
3122
2297
7771
3760
7570
7216
4094
391
216
5798
6442
2227
6024
1155
3845
3627
3340
903
1185
7870
3323
5035
78
1132
4148
7683
5664
4046
4075
5866
4833
347
6935
3169
4114
6191
3133
707
198
4434
7146
2639
4947
1039
961
4120
1522
6927
483
1128
3732
2348
2911
2593
5581
7743
7668
6316
73
6310
730
7857
6804
1876
991
6695
788
7894
473
2822
5308
1885
7395
7004
7133
2806
6389
4731
7466
6483
7364
6117
4220
5875
1288
3873
2482
7046
6106
4356
469
4379
1187
6110
3383
7037
7986
6967
1164
4708
6171
2497
6986
762
6357
741
5856
419
3962
6770
618
6668
7865
4954
7368
1340
2296
3476
6751
2733
5609
40
5761
3154
434
4970
4689
4216
7566
607
3669
7529
3675
3657
4969
2467
4233
212
214
1378
394
3756
6951
1846
1143
4468
68
6592
1523
2216
6480
6799
3305
5034
5022
6221
2780
3571
1596
5228
7912
3399
5516
1040
494
2763
85
3267
3260
2776
1989
5881
5961
5708
6739
4651
5958
3807
1080
2790
2229
6288
3875
3460
6209
4279
609
340
891
3695
5655
4163
2975
1130
4173
5613
6029
1234
6661
2530
2766
1547
5661
4013
93
5364
3785
2140
7326
5069
1801
6910
2309
3413
7745
5009
3532
6059
6232
1223
3405
7821
1760
6286
4871
7727
5002
1256
2290
467
4787
3019
5933
5710
7370
6113
117
5161
7384
465
5502
3110
7234
1165
7401
6485
5572
3002
3348
6328
2633
934
232
7614
5046
5493
5459
966
2192
6932
956
732
5590
3517
1410
4623
625
6537
7011
3830
4287
5108
6795
6378
4251
746
921
916
4971
720
5302
1683
109
901
7517
3730
1830
832
4640
5838
1488
3085
1355
7904
5979
4462
4597
2898
683
4863
7758
5560
7104
5899
2662
2611
6940
2562
3345
3664
3728
3992
7496
7417
3886
6100
386
6400
5669
2570
5085
7805
5617
2179
4637
3311
52
1784
7514
1845
5636
2025
7043
7205
2168
2587
7998
2677
7176
7980
5219
2116
4201
4778
106
123
7974
1204
6197
169
1354
6568
5805
5155
7363
6434
543
3779
2848
1730
7843
3092
4336
5662
3097
3900
2749
7773
1052
4235
2492
3983
363
6995
1710
3106
4375
3897
7479
5095
1054
1916
5904
1056
567
6134
2403
6317
3139
4506
366
6253
5048
5870
5927
2498
1186
5421
5160
2046
4918
5409
7226
2489
4472
842
5232
6689
3963
6915
6681
3526
2274
4479
2241
6517
7992
3157
2375
2362
7251
1499
1865
4158
781
5724
5179
5096
2735
1373
6476
5649
3801
1520
2093
7892
2634
2706
6107
5248
5579
2477
2507
6216
6511
44
4080
5930
6522
6231
3771
6308
1362
5943
4477
2513
4668
6256
7604
3482
1151
3531
6507
2307
6146
77
111
5547
4714
2650
3647
6840
7657
2609
770
7987
5619
3616
4724
3103
4875
1524
1468
3560
3857
4848
32
2283
7010
373
642
6899
7760
582
6758
2355
7876
4570
1369
6051
6175
5182
1693
7058
3201
5373
4698
3087
2041
2261
235
6137
7192
7172
1004
7353
3557
6041
280
2468
2121
1341
5099
1606
7949
733
5362
4010
3603
5816
3976
2137
5243
3775
2224
2815
6174
5679
700
5123
2049
7781
1334
3678
7612
4328
234
3552
4230
1481
4503
2282
7118
2521
258
7429
1840
4580
3550
1517
1328
6369
2802
367
3481
5684
1742
3198
3641
7065
1287
6165
1480
7331
6743
1641
5068
390
4058
1763
2190
2879
4837
7792
67
1639
1320
7059
5713
737
3123
4798
2861
7320
4051
7317
5853
4068
3408
3144
7428
1534
3310
7394
3999
1089
3606
5444
7673
3662
7345
2781
3193
228
7206
6639
3796
1311
140
7660
4949
5311
2786
7404
2212
72
2079
7588
2904
5183
4613
5124
1616
4859
6139
2253
157
35
7445
3972
6785
993
3747
5427
466
940
5593
803
2083
1877
7082
145
4042
1217
695
5897
1820
7969
5745
62
2013
7480
4727
1919
3523
5089
6584
170
1329
7484
4952
7084
1905
3332
1224
497
5265
3878
2265
1142
5923
4446
4421
4023
7607
4547
3235
3841
2011
4943
4106
2796
1087
7703
5204
1752
5412
6193
7213
7920
4153
3346
4357
2555
6112
3203
7946
6987
1063
2647
4774
6341
3276
3595
6732
4466
2787
3590
6237
6759
6641
1496
1416
4858
1615
6329
7300
4087
3121
2784
2443
6287
2783
336
5792
4631
2185
3786
5880
3596
4844
7369
1600
7165
6269
6622
4398
6093
3200
953
2899
2023
5974
4735
7586
4788
7772
3108
1228
2800
4364
1037
6382
6438
4245
6994
5131
1795
3797
2211
5403
5463
1326
6563
7055
2922
7125
397
3472
6796
2359
7878
7680
468
5377
181
4518
1190
408
3331
5988
3904
4632
6615
3494
485
5430
5916
7818
3987
3880
2323
6786
3833
1803
3787
3228
2175
7647
3487
2813
3583
5269
5696
6220
6402
2006
5552
7811
6945
2839
3156
3736
5266
344
184
5220
2078
1618
4386
7686
315
4510
4997
2162
6398
5940
7259
5558
5133
7984
5743
5824
4074
566
3794
4065
141
6601
7141
2631
755
6
6463
5584
3910
1254
6919
3089
4636
4099
1007
7947
7579
5184
682
2556
303
1011
2629
311
6076
3234
464
5803
1013
165
2765
5650
91
1750
4160
7266
5528
7143
7774
2008
2820
7333
5391
452
6663
3827
5075
4248
5868
7753
6411
2376
5255
4116
1837
7106
6032
7272
6230
6365
2286
5486
6225
3358
2665
3585
7161
3102
7645
6714
4493
3659
2816
1810
333
1509
1999
1745
4944
5591
4262
1778
7128
7571
6182
6217
7533
5546
2298
5543
1909
2953
6532
3919
2518
1799
3389
3839
7244
7628
6484
5356
7837
267
5310
870
2888
3765
6078
7134
1152
6294
508
2071
6238
133
4572
996
7914
1703
2334
7844
1366
3325
124
1611
1077
1852
925
4616
7199
7731
3016
4629
3939
6534
4513
2774
3435
603
5692
7666
1379
5622
6594
5137
4441
3828
5442
5334
1899
909
7482
6364
1350
4609
6046
5599
6258
7970
4061
4212
1738
6306
5090
4352
735
1630
957
1001
1731
2465
7131
1660
6939
322
4931
739
5017
5118
6684
2065
5815
1262
5051
6779
4601
4850
7142
7738
4347
4452
1973
4290
1603
4343
5753
6074
2515
967
481
7967
2608
501
2500
6149
1944
219
5628
7885
2097
7202
6330
4546
2012
7073
2715
5418
5104
2674
1106
7964
3598
1302
5320
2793
6896
7591
421
2279
2167
4959
879
5454
1970
1458
1438
215
7916
1428
164
6801
1789
3894
7148
681
5253
2535
7778
1492
6617
4942
1607
1776
1855
704
5491
6625
6794
1529
4533
7900
6178
3109
3065
2404
2088
4566
6390
579
4204
5553
2988
4649
2328
1264
3863
3069
5700
998
6642
1097
2131
6843
7336
3524
4701
1452
7277
1048
2067
6975
2613
4554
4804
5152
1385
51
3003
4439
1996
6397
4845
2712
7481
3858
2543
3492
2878
7942
3040
5186
3307
7541
7890
3509
2392
2037
7709
5833
7179
888
927
4675
4292
7561
6802
7362
7238
2347
2321
7193
5339
1215
4170
1707
7387
1265
2249
382
2694
4303
696
5202
3427
5372
5678
3266
1219
3083
540
4299
7323
375
3758
573
1115
591
5113
4092
6733
1331
3403
2373
662
1431
4000
7039
522
2005
3679
4599
4285
3284
4254
2637
1133
2029
3844
3764
5663
7020
2383
3561
3865
1858
5436
6667
4602
5799
4152
2807
3528
7712
6304
2478
7724
4721
6296
3567
4192
6183
241
4985
193
7691
6582
1823
6890
3915
6894
2466
4821
1564
4346
7329
2690
2208
7305
5783
1754
1961
2082
7218
3535
4903
4368
226
5194
2058
2452
558
5116
2599
7270
1714
2568
7414
7526
2672
6813
5217
305
7564
6540
162
3361
3887
2080
1251
6031
7624
5097
5512
6811
1669
2671
6869
6333
1294
6652
5910
5060
575
978
4890
3710
7611
1780
941
116
7033
697
5597
1191
4171
7926
5242
6141
6870
6498
2537
5081
3134
7083
7568
6738
2982
7263
5774
5031
1699
3770
3023
7834
6130
5968
18
3021
296
1980
2127
4001
1521
3485
1199
6815
2579
2756
1414
6884
6359
89
1220
1062
433
4592
3112
517
5354
7746
7637
4737
1390
1577
4704
7423
2381
557
6928
3636
4232
6856
102
574
6223
5864
2158
4867
7901
3446
874
6363
5937
3798
5640
514
1426
3096
1535
2531
5011
1959
3055
7348
56
302
5171
7493
1926
4223
3754
2724
2457
2117
2512
6487
4198
4429
5333
7622
1682
5188
1935
3068
4581
348
1318
5380
6878
326
1646
4966
7594
5383
630
6565
1722
5456
606
6747
244
1593
5819
7439
5918
4391
4105
2760
602
3620
6850
7788
1360
2191
1291
3326
587
2627
835
5920
1575
5187
5207
5506
4896
1898
4263
4605
6637
7177
1479
7116
380
6354
5686
6640
7351
987
5725
6385
6513
6362
2532
3978
3362
3463
5340
7150
7158
5559
5157
6704
5169
723
4002
5723
539
2187
3723
1735
1811
6599
1069
1243
2401
815
4209
3750
7031
611
5301
654
4444
6013
42
3035
2805
1510
833
1601
7822
1401
2833
1118
427
7374
2738
1249
1349
413
4977
7515
2247
4360
1875
4064
3356
130
4451
4325
7006
6043
5213
3716
429
7139
5185
7826
3951
1259
584
1670
1574
1942
1688
4186
6021
2943
2391
2484
4938
7054
3447
1592
5283
7265
6277
709
4123
1530
4323
3989
954
4829
2572
1770
1270
7105
7109
6754
694
2417
525
747
3795
6911
6999
3896
7995
53
1192
5949
2785
118
7181
3911
1346
424
2986
813
6284
6619
1158
2581
5973
5862
1698
5300
2937
5032
243
423
1589
2446
2142
7144
154
652
2577
4340
6419
2449
4981
6114
7503
563
5305
3564
1549
3890
7875
6842
6036
2379
7155
248
6983
1061
3441
4193
4442
5015
1172
3702
2984
4957
7685
4927
5336
2479
1753
5653
1950
278
3995
2957
616
4483
2448
7534
1689
1563
2758
4987
3462
3208
2281
6885
2602
6000
5605
4860
6715
5760
7191
358
2825
1450
3216
2472
6206
2529
435
6099
6019
4855
7247
1747
1816
7827
3988
6523
4354
850
2590
7123
2363
5098
6089
4625
27
1212
3354
1991
6855
1809
4587
7427
2342
3864
416
4659
4385
7889
5023
7598
5606
3948
1945
7609
2908
2771
1465
6158
4710
3551
4345
2352
670
247
2600
2892
7214
1380
179
1958
5289
6665
392
975
4397
4712
2681
6244
5711
2198
552
1308
5589
4225
4169
4960
4077
90
252
6918
5945
7590
2432
805
1931
195
6295
623
7720
594
6686
5496
33
4202
7794
3608
680
7716
2676
4324
7747
183
2818
5823
309
5806
1828
3692
3501
7871
7736
7220
7400
2830
3599
3299
6516
6964
1965
6558
3749
1911
6589
752
7698
2747
4994
5218
6335
290
1398
5984
5694
1713
841
64
7290
7281
4932
3782
4512
2039
3269
5200
5052
1489
6381
5120
6800
7699
1038
5276
689
203
4789
54
4520
6949
4822
2852
2522
5321
5469
785
345
7663
6391
1880
535
5027
1544
7762
6095
7194
2202
3745
6048
7225
6902
1818
4104
5941
4809
7542
4250
4331
4032
2844
2204
1741
4542
4584
5149
50
1751
5080
2905
5643
7357
3874
2505
3712
2090
3450
4066
2731
7208
491
4754
523
2268
4151
5607
2033
6959
4365
1156
5298
2893
6841
5329
2974
4351
7638
5150
4261
1732
3343
6679
6039
6153
6519
457
7862
2574
1281
1900
7441
2332
7485
160
2320
2866
1976
2969
738
1494
7975
3932
26
7958
3965
6016
724
1895
6325
2311
6094
5588
1725
4882
4372
7280
3281
349
5855
6109
6436
2178
977
1315
440
1098
2086
4898
1658
1177
4568
4017
6832
6340
875
973
3206
5101
1718
5778
2996
7438
199
1587
7088
6103
7789
7706
2305
643
6654
7103
754
5921
5845
3823
7298
7513
115
5656
136
6077
6200
3051
5575
297
3378
2968
4081
3271
5781
6157
6950
7157
1122
2964
6691
3364
6750
2406
572
2139
292
4313
5791
6018
6974
7982
5758
677
917
337
4
7114
7188
4498
4404
3706
4088
96
5750
1585
5561
351
87
3773
3081
1351
6471
1202
3614
5361
1883
4955
5050
1957
2819
5239
820
2044
2723
3778
5886
5280
4897
7077
2630
2495
926
4933
6056
6086
5435
960
7990
5911
1261
939
999
5928
5929
2834
7577
4633
4549
4395
3971
1003
1532
1280
589
7658
3538
1636
4425
1239
2539
4167
317
4642
2118
640
1047
3025
4172
1567
2207
7559
3077
5247
6610
661
809
422
4286
6305
3581
4246
1644
5432
1237
3445
5719
5915
4683
6504
7499
2842
2666
2734
4563
4315
4999
3740
3215
7754
3042
7047
2035
2714
5352
5181
82
6745
4755
88
1117
5986
454
5740
472
5625
4756
3655
37
2646
4255
2418
1595
1861
2232
7032
1666
1159
3861
5500
6961
1579
5755
5472
3240
4012
3584
3349
7498
5193
907
1153
3525
3847
3556
5608
5285
6903
3261
1433
4027
1272
4811
5814
6301
1469
4537
753
353
7845
5024
7600
3613
3127
2782
712
5612
3816
7989
2623
853
7477
5014
2350
5007
3017
3631
663
5533
4591
5782
6783
6070
1244
5994
4761
749
666
4326
4405
455
6260
3365
4334
4485
3854
6907
1526
6887
100
255
5490
883
6528
5685
3192
2947
3292
1455
7282
2886
7462
5980
3167
1975
4986
758
2177
2865
4275
6006
5063
4711
3737
2729
7443
7527
5977
2234
2864
5675
3899
442
3306
2415
4854
4690
6822
7597
2583
4082
7048
4841
6916
807
5413
3245
4922
3638
3708
6717
1335
2686
3288
2927
6250
1430
3385
5764
531
5769
7831
2606
3164
1746
5036
5529
3554
5742
1512
7385
1000
3170
1055
2483
2564
6923
36
6475
6536
4519
895
4436
7915
5366
5065
1737
3985
6707
1724
1025
3707
1141
6948
3063
3699
5073
4716
882
3862
3490
3456
6027
3530
601
7338
277
6742
2689
6408
3680
1506
5020
2076
7126
5071
3448
7501
5026
2873
821
7858
3642
4387
6184
2704
1226
5790
5379
7262
725
5863
7227
4228
4217
7406
4538
6632
6348
3809
6793
5309
7057
6805
937
7473
2486
1939
2125
631
2900
2081
2272
2688
7017
4543
645
6638
1169
5374
5408
5620
3297
5167
4653
6626
4073
2104
5275
1102
1755
6726
7393
5756
1675
6017
1227
5482
113
7096
5894
1500
2901
6342
6970
2038
854
1986
789
4314
3639
6320
135
2030
7446
6533
1987
3004
1906
4740
6505
2395
1279
5757
2967
7463
7050
6608
7435
2578
6092
7231
7584
1099
4399
6494
5914
3277
6861
5809
4495
4367
3001
5963
4967
5401
432
1319
4650
6248
5611
5987
800
7625
463
6413
526
3339
2856
4026
172
1514
7861
1695
773
1527
592
4796
905
146
845
4703
3459
1474
3424
6904
1765
1969
5483
5901
2461
1541
6054
2846
7383
906
6547
2122
7029
6575
7053
7296
3045
1874
4188
7874
7132
5151
1923
4865
7855
846
6773
3107
5196
7442
6982
4647
6555
3270
6066
2271
7740
2829
5484
7297
6394
3471
350
3982
6502
4007
2711
7240
5087
4888
1825
6122
1515
3418
5730
1633
2444
6088
1804
84
2181
5055
2827
2308
719
2566
1873
5903
3738
4722
5739
5419
3414
5847
4684
3074
283
5238
843
7242
3734
104
6404
6420
5313
5136
1622
5934
2238
1029
1946
479
320
5698
6614
4779
3916
2439
1697
4697
4699
5521
6881
1432
3818
976
2289
5797
7510
626
1437
5343
3618
213
4008
264
251
4113
5323
660
7755
1043
2642
1767
1387
376
3946
2745
1533
2114
6988
3605
7767
1673
3000
6713
4790
284
6573
5736
6588
1411
7595
7253
4767
5447
2683
1967
2436
7410
7342
5322
6560
5249
3322
5008
3548
2164
4115
6384
510
4886
5785
3502
6212
5660
1700
6492
4677
3661
7175
4103
49
7492
4732
887
6318
7711
460
1904
3197
1194
1971
7676
759
7905
4278
356
1647
7108
2016
2963
5209
206
8000
7036
774
2385
2831
2727
448
1417
715
950
4052
1299
6990
1705
4524
6371
5882
6022
5917
3495
7312
6613
3357
4995
4159
823
1008
1096
1347
5470
4135
3947
6410
5827
318
2653
3088
71
493
3409
1983
6084
5485
2442
7377
2841
3400
1729
6345
2315
4741
7519
365
3457
3539
4448
4771
4419
1896
2433
4555
1775
1984
4469
127
7899
7182
848
5043
5537
687
5258
6874
7631
2764
4329
4305
3421
6859
1962
5195
7976
9
61
7650
7550
3991
5802
377
4348
5693
851
1183
5233
3766
4083
7307
1781
3368
7518
5688
7303
802
1519
3212
4440
6071
2832
2028
3195
3344
5114
268
3075
2961
4641
7090
2610
7626
2255
2056
6068
47
2244
3832
3908
4828
5273
5970
6351
6403
7504
6962
319
2862
7358
1631
2636
4353
7917
4309
3953
2319
2200
5732
4603
7160
6037
2424
1277
1832
5153
4090
3379
6835
5230
5210
2136
7896
804
1045
2109
1391
5508
7996
2895
6508
1940
1483
2516
3668
836
5417
2528
188
6104
4674
5637
4266
395
3474
2222
4447
822
2242
1997
6677
3645
6009
1175
7846
6979
1643
5907
2520
4826
4622
4921
1273
4560
3188
6755
5078
1101
156
6886
7757
731
7522
5426
6515
2941
4819
5762
4494
6201
445
7089
5437
7066
3209
6324
2857
5396
7349
5820
3666
3132
7365
825
4401
6219
7254
3070
3922
1035
1555
4219
5344
5997
1891
5629
7879
6906
861
7576
6399
1163
1578
4805
553
7692
7769
7763
814
7654
2788
2003
5445
2750
4154
768
2914
2808
2411
4097
6682
271
3970
2675
1655
1394
6602
1184
756
1171
7602
4057
6299
3412
7285
1559
3263
3654
7977
1367
3663
3804
4194
6327
5304
5541
5166
5775
3846
5947
7710
46
7729
5981
4545
4137
5347
6001
2299
7337
3569
3251
2092
3037
4227
4657
886
6091
4378
3380
3527
2353
4963
2990
7630
5038
2591
7008
6724
6934
2132
4155
5788
1257
2151
2407
578
674
4691
6942
6427
3246
236
3547
542
7389
763
3244
55
3341
1518
1692
2358
3229
6844
4772
2219
6198
4076
4310
276
2939
7488
6090
1953
2318
4453
3279
2722
1295
128
990
7702
5852
2237
2018
6518
507
5504
24
5671
5964
5077
486
3735
4719
2958
2138
4883
3300
3118
3041
4130
1400
22
7670
7186
7451
5299
6653
5905
3980
1470
5211
6196
6346
3781
7318
6131
1501
4467
5839
6660
2803
6136
7321
867
532
7071
7271
5835
2799
4141
6336
1938
5812
5345
3007
3262
2414
2931
5338
4685
7494
7999
1497
1954
409
5729
5224
1384
2779
6493
6239
1652
7909
3842
2096
3934
4925
76
2870
4586
5110
4412
1720
717
6554
604
3594
1041
2571
237
4069
2615
4868
7671
31
5424
885
3810
1255
7803
6851
4473
6155
139
5471
7800
1974
1571
2595
4482
240
7536
7860
1543
7981
7079
2882
7944
3396
4239
6034
168
4476
3721
3238
7675
2632
7933
3395
6441
4207
6556
3498
6753
1602
3091
3884
4143
4965
1690
1872
1482
2105
2850
812
1981
6548
6435
5514
2215
6550
2956
7081
17
2463
5555
3850
938
1180
2775
2409
475
3252
1661
1842
7026
4402
6421
778
7091
3131
2699
4388
5522
2180
4655
4813
1024
6616
2547
4759
2148
300
5005
3632
1027
4889
211
3050
5822
798
5291
7444
1985
3207
405
5306
5067
6300
461
3407
7164
2625
7027
5551
2326
293
6635
649
3329
6969
4924
4505
1222
2488
658
2558
811
2410
2063
1443
1829
3553
7023
6214
5867
149
1166
5446
529
3852
4470
7269
6836
6173
2592
6957
7007
5369
2069
2719
6901
7842
3386
3033
6339
7070
6646
4252
2809
2036
2134
1908
4110
3940
4733
5639
7589
3744
4489
2380
3506
1449
2838
1364
1423
7688
4565
5573
7016
2300
352
598
3232
1687
6761
831
7961
5683
3677
217
3903
2400
2019
7324
5057
7101
2042
4548
6872
612
1787
6520
2367
2648
6181
6980
2859
868
5441
6929
7801
5638
3165
2257
5175
5999
5438
7372
4122
3942
5348
2659
3497
4749
2709
2188
3163
6865
1104
2437
3624
4293
5353
3907
713
5128
1856
3958
3221
223
7814
2124
3541
2506
3425
3159
3769
5695
7248
6611
5142
6170
3493
6998
7937
6989
2644
6367
7806
1739
2824
6956
7111
7074
1134
7679
1854
4268
7245
2645
6655
6249
819
4934
3602
6044
6984
7344
2123
6774
7042
83
6867
5902
808
2928
3714
2456
3646
7196
920
6873
4672
6849
7230
4666
5250
471
5539
7864
5652
796
7543
2993
4770
108
4316
4516
6775
2120
3731
2921
2534
6406
3568
1034
3115
6828
196
5457
549
877
3129
7648
7044
6440
1154
5604
2559
902
1769
323
5126
1093
5201
4656
5721
1460
3194
1972
7100
5272
2752
6720
5759
3713
5384
3514
4247
972
5510
6322
7793
404
1651
3191
6490
1536
1179
3893
7925
1674
528
5397
6604
7960
7689
6985
2475
4184
5520
4132
3542
686
1659
2812
7978
7723
2294
6526
7505
5074
2095
5976
5525
1148
7898
1149
685
3162
1167
3870
2225
4271
1887
3799
2293
4424
7478
2499
1550
5735
2106
2970
4762
5784
5531
5212
7798
4815
1478
1002
3214
4694
1723
2601
2501
7086
2705
4333
4260
6451
75
3820
7003
7935
4487
2186
1107
2324
4793
2015
3117
859
7655
2260
1678
5368
979
7355
3453
5462
6538
225
2345
548
4831
5557
2470
208
2991
7085
2826
4422
7356
5975
1361
5571
1493
5251
503
1890
6081
5796
6347
4371
1399
4948
7616
4993
4040
3837
410
632
5281
16
1457
3181
2145
2730
844
2930
664
4276
70
7847
569
2755
3640
5644
6111
4576
6699
6140
5898
7819
7813
5350
3258
63
7286
7201
3957
3652
6629
4465
4734
4138
7
5390
3265
3650
1067
1925
4445
3866
500
6445
131
4935
2459
5346
4663
7287
4413
1504
5257
727
1608
6143
2194
2387
2732
2098
5086
1838
4267
4579
3254
6273
3475
2951
6439
828
6889
2099
918
6319
2909
7617
653
313
2171
3973
1812
1851
1303
439
5494
7163
3889
2050
5357
7618
1617
3881
2737
4063
6612
2994
1849
3800
5991
6160
5707
5738
6857
2014
343
5770
451
1137
5554
3566
4205
2628
7744
7677
2159
2979
924
357
4501
4322
2744
6924
2369
5236
6499
1211
6062
784
702
6566
4884
3681
4373
2236
2603
2153
126
6311
5279
4842
4014
95
7815
4540
2182
538
2089
7115
4015
6242
714
4979
7207
7408
3094
6063
5481
3543
4618
6211
4760
7768
7236
7260
3058
2759
6004
4521
2542
2053
2762
4920
48
23
7373
383
4577
7619
4030
7249
7557
4241
282
6735
7416
3289
1824
791
2458
4696
2741
1419
1476
1266
1572
5794
1278
1949
7634
7719
668
2853
6529
444
4427
3719
7934
3945
1511
1230
4541
7868
4739
3382
711
4072
3520
7224
1336
4415
3872
4067
3966
5939
7913
5873
4377
947
7418
1613
3204
1914
4996
4011
6797
3417
2874
1358
6618
6105
6072
4946
790
6401
2322
2638
5596
2584
5003
5303
4680
4049
1245
1250
4185
3256
1591
7922
2330
57
1446
147
3615
4750
6012
6307
6199
5505
699
5030
5562
6433
5084
7613
4236
5566
928
1907
4112
7420
6952
1084
2009
7235
3690
1756
6780
1667
7162
3130
6680
7941
1761
7839
1286
946
646
965
2607
387
4908
4197
2048
3391
458
7098
7458
2753
931
3359
583
7854
615
7049
6693
3449
5318
3370
1247
4686
6966
4887
3464
5884
2213
2538
5749
3689
4951
628
7316
3160
7252
3628
5395
4893
230
6187
7215
4687
948
3720
2713
3153
7267
1402
3588
3434
2910
5737
3013
936
1422
4497
7828
324
7241
2
5082
7783
7222
5747
7378
2885
2386
5511
378
2052
7411
4978
4341
1632
6912
4902
4909
980
5047
2201
2197
3468
7777
6161
3848
1841
5406
7678
200
7722
6274
1681
2295
7045
1656
6880
3519
5536
1827
7076
6993
4990
7943
6716
5569
6947
1679
7021
5565
1440
5666
5697
2635
3513
4852
5631
7350
5439
3336
2757
3629
4964
5139
7454
834
2240
3717
4128
1706
852
3147
7375
3518
4574
4968
7869
7210
2047
7997
7853
6846
2682
287
599
1418
1429
2770
6784
3113
2576
5029
6392
5237
6664
761
6361
577
3043
703
2152
1260
7237
5919
6355
3626
4742
3319
5387
3496
4583
3700
7467
997
5517
5651
3981
3696
964
2031
4499
7502
4164
3443
4458
4190
4530
3763
3751
4062
716
644
855
3059
4905
3377
5056
863
2536
1528
2692
1072
191
4667
2263
6864
3895
2767
4528
6266
919
3076
7421
5453
2640
4091
7335
2946
7669
3136
462
7327
2302
4763
2419
2422
1814
1028
2959
6444
3853
4430
3855
2663
1195
7957
1343
1203
2155
797
5564
1701
6375
3936
4864
3145
4257
7580
4500
379
1774
6820
2540
2569
6709
2034
398
5115
1716
5162
4206
7640
5574
4569
7708
7717
6847
5992
2575
1396
562
4745
2094
4234
4894
4585
2938
6148
209
1258
4016
1332
7275
1207
1233
2678
799
3036
2431
3272
3693
7621
4974
5829
1507
4980
7694
657
2971
2371
4634
7308
1866
1612
7649
1424
274
3549
858
2541
1168
7302
5952
6121
1276
3576
2811
1863
3155
1445
6978
1036
1337
4244
6383
7866
1078
2146
1032
1913
3371
4648
490
4107
3337
5132
4728
3843
818
1642
7112
5646
6971
3275
2251
7018
3511
5583
4437
5720
5658
780
6914
30
7775
3813
4342
2464
2869
4009
4100
3521
5887
5733
595
1759
2560
5754
2597
5100
371
3278
1201
3429
7971
1570
1200
3757
910
3575
5475
5410
5779
4265
178
3416
4475
1283
4280
4417
5842
2338
786
4620
775
826
6169
158
5064
3213
2335
4403
4832
1305
651
4614
2266
4231
7761
1348
5165
1065
2891
7523
4389
4018
4899
4490
4038
2113
2821
4317
3986
3559
7028
6097
2024
25
5111
3022
2992
5451
6116
6179
3367
6263
2849
2440
6879
7325
2523
6997
7662
142
7453
1352
1131
897
4337
3101
6065
3667
2511
177
2183
120
2427
335
7856
2917
1620
5227
112
4294
254
402
4606
1937
2210
933
624
3644
2551
192
2983
545
6405
588
4746
2292
1684
2863
1773
1372
5172
1182
2480
3392
7038
6302
7537
7883
3282
622
5767
2949
3600
4913
1649
6812
5476
4612
5170
7693
6572
5244
3806
3011
3923
7585
2649
824
5550
3298
5342
7696
5083
4134
3776
1715
533
6580
4705
4411
6955
80
620
2103
1580
1594
1263
1740
6080
779
207
873
7119
6426
3184
7301
1565
6374
5478
6432
441
7092
4295
4457
7867
4270
7371
4608
1560
2835
3142
4791
1330
7705
1075
3924
1310
4879
5801
197
1441
5461
2565
5231
7545
6760
6422
656
7551
1108
5586
7659
7376
518
744
5307
7752
2149
2258
3917
7185
5267
6648
3964
782
4471
1016
4308
6005
5690
5041
955
1116
7233
5712
6539
3622
3591
7601
3422
5876
4806
66
1473
401
4983
3324
7124
58
1936
7064
5780
5112
266
1209
2721
7475
5657
3009
2430
847
1252
7113
7487
3024
2413
4658
5148
1806
4474
7257
5028
4124
2792
1113
6271
6224
5773
7639
7714
5962
7171
4416
6087
5241
5518
2880
2228
1805
4803
4249
2546
5836
2976
1005
1733
7212
3563
2110
1719
281
5433
7766
7087
4509
3882
6871
5422
1382
137
3898
1869
7283
2496
185
4045
5810
5465
7994
7950
6228
4463
1274
6620
5704
509
6581
220
7180
425
3709
1188
4392
41
3562
2503
4857
2329
3175
3199
5393
4615
7276
3574
6467
5931
7156
7243
5956
5524
98
2837
3570
7988
839
1322
6226
7294
3062
4242
155
4681
7939
6585
4551
2441
384
5858
4738
7062
2252
5906
2055
1867
2239
2589
4084
1112
6877
221
971
4669
1516
2027
2929
2884
1717
4259
4550
678
4839
4856
5718
7472
1993
4532
7651
5752
477
4237
6195
6008
7962
321
4758
2154
2170
2526
4043
6659
1392
5404
6675
2868
671
7386
1464
1783
4003
2057
949
4028
143
6656
6101
3466
5270
7838
6782
5425
2847
2408
4125
3759
7412
7921
3274
2287
374
7897
6050
5376
3239
3715
6119
1918
7817
1590
1312
4037
871
745
6727
5896
862
5831
3783
1425
6488
7832
5763
5070
2588
6561
3176
4435
4836
2695
2469
2368
7823
4449
634
5423
2221
1963
2889
1206
1345
4319
2388
7274
5957
7635
7725
2667
7606
6489
3248
6207
5429
5501
7455
7932
3052
10
59
4359
7068
218
4156
6506
3879
3587
5468
5
2798
959
3
3335
4975
159
1668
1920
3859
4484
7790
5178
5452
6788
506
4150
7495
3996
6876
4208
550
496
1502
1073
5378
7910
3815
512
570
7183
771
6748
2944
6352
6159
1368
6596
6453
5400
92
7258
1581
2679
3027
3401
310
827
5924
7041
7544
5282
4370
3151
3580
4199
4646
4454
7002
7919
2161
1471
7528
6338
2514
6564
2364
7200
1365
28
4982
4034
6789
6991
5527
5654
3777
4670
3967
5641
2351
4624
1836
2254
7902
3431
1015
1395
3073
7641
5405
2995
1598
1375
1968
2010
1447
7173
1475
4312
2933
4431
7289
4117
4102
2007
748
4621
1955
4414
5908
4296
342
6321
5869
3784
2143
5263
5474
5948
7198
6542
519
4139
7097
4149
7056
3078
5127
1744
2195
6521
5189
4531
428
3537
6649
1490
6908
3352
5398
1902
3363
4627
561
3451
4109
2360
4876
1292
1635
4189
2206
4480
389
1090
7309
2978
1271
7396
639
3056
7785
3116
3954
3046
3196
7848
7592
7652
3317
7190
3393
1042
1609
6607
482
7569
6167
6722
4283
370
2370
5358
3444
929
1140
134
2702
787
2703
259
5534
7228
6061
7799
3671
1026
7927
4748
5297
4751
5365
6315
7532
474
5246
7436
5722
564
2670
4396
1145
3821
7840
4200
1240
2233
242
4274
4527
6702
6135
7024
5040
1637
7159
2894
3724
5001
3926
3871
3231
7288
2586
3672
2746
6772
362
969
5094
7804
6257
4617
6332
1161
1777
7633
4892
829
2273
3071
4812
2657
4972
3913
5371
2428
1407
6270
3090
1604
701
7433
6415
3095
7459
7025
2485
1889
2115
633
7354
3704
12
6176
6698
3079
5982
4838
498
399
3589
4366
6479
3533
174
2270
3309
6280
7314
7765
5125
7174
1623
7293
6669
2972
3790
260
2668
3038
4060
6897
3111
6583
3259
4187
7841
1979
2998
6718
6015
171
1231
407
7596
7471
688
1076
5615
3338
328
7040
3442
7524
7852
4142
7572
1314
7187
1210
5066
99
5682
6446
7733
736
6644
2877
7255
2397
4306
1531
86
385
6144
4300
6425
3161
4775
534
7955
2166
6579
3601
4849
6736
2214
7399
2108
400
4177
7127
6827
437
1785
3877
1053
5925
5645
565
4514
7973
7833
2860
4281
6674
3503
7390
6977
3869
3285
6452
2772
7704
547
5203
7603
6098
6765
6482
4022
3658
1941
7903
1238
2085
3974
2169
3350
5811
1503
7136
974
29
4792
7734
1948
4962
190
1289
783
4877
1046
4824
776
6379
1796
7310
4973
2854
38
5727
4240
4776
6407
7197
4900
1932
4291
4423
6126
4129
2728
6905
3174
4928
6120
3499
3694
7189
690
7447
3394
7506
5317
4988
5492
5885
7884
2773
2460
5826
5208
3959
742
4830
2791
6895
4953
6633
4660
369
2267
3510
4311
289
1070
2421
447
295
7009
4361
7953
5386
7629
4511
426
2340
693
4145
3060
5871
5545
1764
7665
981
4215
1268
2390
684
5416
7521
6437
5813
6666
6127
3179
2533
740
5851
3458
5772
5985
6474
7203
1412
5328
6448
7582
5234
922
2434
729
5327
6138
3633
6749
2553
6057
4362
1834
2883
7366
7110
3944
3952
1293
5215
5623
4078
138
3725
5600
5168
3387
982
1393
15
5570
4256
3687
1456
2193
2966
5245
6215
5053
2778
5509
110
2669
1196
2062
4808
4096
3290
7829
6115
5689
1344
2725
2264
2382
7067
1540
6706
2490
6358
6697
3312
6662
7075
7721
2903
6011
7735
3411
7426
5061
3455
5768
4725
2680
7881
4119
1359
4594
2405
2897
6854
4307
4706
1766
4976
2655
339
2394
5226
3177
6930
7367
4941
2454
4910
5402
3039
4891
4794
2374
5252
672
7398
536
3440
4095
2040
4438
6343
7437
7751
5942
6028
6645
2184
3225
3303
2871
6909
1071
3140
4600
6787
6177
417
692
6891
3166
3084
4991
3224
3351
21
5577
7796
4619
2426
3909
5728
6976
1060
4843
5503
5326
4885
2217
3960
6595
5145
1031
7578
6278
403
2616
2948
7209
5274
4098
4757
1584
673
1235
6576
4127
7261
958
2696
1748
4639
1903
1050
5667
3143
1862
4079
4146
3508
7264
6243
1307
7732
6188
794
3241
2199
1325
3066
5173
7697
1095
5716
698
1685
1316
635
3849
2054
2130
2687
765
1568
4302
3829
121
1627
6291
2726
4044
4005
7470
4768
1370
1057
5889
5107
6292
5872
6814
6298
4450
5595
270
6496
593
4517
6163
4961
5158
638
3397
2447
5134
7250
3436
6863
659
4573
5497
6545
5677
5818
3808
6396
7397
338
5428
2156
6790
2890
892
489
4695
726
4054
7882
5865
2474
4923
4025
2119
7489
3522
327
7204
4019
3660
3943
1082
1912
7419
4344
6227
306
6267
13
1853
6060
3253
7409
4210
2567
1768
1614
163
6731
7035
4048
6712
7211
7968
5330
7952
3515
7802
6810
1339
69
2333
6033
6670
2471
6562
7873
6817
492
1619
4564
2918
1562
4853
7880
6469
4349
5360
6690
6628
488
2128
7094
7292
4101
1561
1794
5316
2718
6586
2306
4729
1100
5498
6038
6079
6721
6687
1111
721
3925
4213
6996
6047
610
2230
3767
6808
1138
2022
3146
2955
6164
4178
5993
935
6020
7256
6968
7145
1879
2509
6344
605
3189
3202
3609
5488
5370
4358
3404
2455
7166
5314
6920
537
6643
4211
5932
4131
3984
5634
4481
3100
304
2129
5385
2336
4610
7332
4301
6168
3410
3685
301
3762
837
5351
5288
7646
7530
4374
6938
5103
5877
6931
1306
6525
6254
5440
2250
3057
2075
7223
6213
272
5495
2349
7911
7520
6430
5568
4906
2366
1546
1017
2925
1917
1434
6777
6965
5271
4070
4269
893
5840
1442
246
1486
3929
6067
6240
5359
4878
3423
3817
381
1085
7359
6651
5519
6657
6771
1802
6933
3593
629
2641
6567
3676
849
6495
3933
194
5295
6809
3333
3437
3856
7636
5715
4998
5618
3545
5548
5825
6255
4630
4559
1626
6275
7403
4801
1301
5010
1267
4047
3032
3028
3320
4707
5293
2926
4224
1030
4288
1086
5138
1059
1246
261
590
571
3637
1121
6208
3172
1727
5893
1915
1333
499
5587
2301
1897
1150
4406
5647
4834
4443
705
621
614
3572
5944
1786
1463
869
6694
1124
3135
4183
3432
636
2091
3183
6246
6913
5538
4820
6590
4176
6776
3295
4784
6491
6963
1193
3302
4764
5130
4338
6829
4911
5926
6478
7239
6282
6083
1205
1092
2977
6692
4182
2325
2243
5221
3398
4869
3956
5473
5489
7449
1621
7979
1542
4661
1409
1988
3831
7531
2875
3876
5466
2473
6605
4522
2932
5254
4420
6373
4433
2840
5854
5198
2141
3914
1597
3888
5776
6465
6040
2561
341
3950
4147
6937
1576
5033
4783
777
5909
7486
4055
129
7107
5672
524
6546
233
4229
2372
5268
7167
7681
4557
74
4715
7476
3921
7985
4464
1421
4558
7923
5513
1995
6900
3814
6882
7051
7930
6289
4258
3384
830
5434
4800
446
546
1808
932
3610
250
2398
5804
2626
6603
79
3020
5487
6388
1566
7918
764
1074
1712
7184
1248
3376
1014
502
5621
6860
4330
1176
2524
544
7983
3249
513
6806
6898
6946
3185
516
6264
239
6936
204
2135
34
1427
5850
7432
1927
2389
911
7695
6705
2654
1363
4238
3607
6926
4157
279
5965
3210
7299
3104
1788
7461
1966
1791
420
6571
7573
7464
3703
1491
4214
7304
1886
6461
4596
2176
4713
1922
4582
7835
5449
1357
792
3928
6252
6647
4818
5222
2275
7567
1924
7339
1487
6830
5630
2804
6412
4936
3961
4851
4747
4264
1994
148
3651
4562
3347
1051
1569
6685
368
5834
3748
3243
6598
3296
5786
7407
5180
2740
986
5890
3086
4702
294
6387
1815
2661
1772
253
3048
245
6708
4539
6450
2288
6290
4400
6500
6819
4460
1893
7012
2246
1023
4814
856
1208
7780
2072
554
6700
2147
5154
6671
2896
6557
5888
7718
2552
7117
7807
7379
4652
5093
5349
2945
1553
2660
1721
4029
2043
5025
7525
3433
6218
3355
2317
7791
2617
4355
7556
6203
1878
6541
1160
7080
2618
1269
7563
7812
5477
6449
2365
5846
2412
6553
2716
7352
3901
3227
2651
2797
5878
1178
1888
6236
7137
7558
5141
5860
6658
2429
6866
1324
3030
1495
6552
1537
3186
7863
3220
4912
4604
1947
3597
6447
2004
2748
1485
6025
7120
4168
1676
4807
4720
1871
5648
3158
1321
1386
2701
2327
7907
6624
3746
2000
6917
2174
3544
7360
6473
7246
2717
6460
7422
1734
3315
2867
1826
1197
6711
7535
7687
1819
5670
816
7656
2673
1762
3935
7319
3233
6186
1665
7052
4709
3119
3705
5680
2502
4682
7169
3006
2708
3301
3617
4408
2001
1105
1162
7565
2980
5072
7306
5021
6559
1977
334
760
3489
1374
1798
6234
3012
1864
3099
202
872
6992
14
3469
2220
4432
3726
2384
7093
7469
3505
1757
962
2196
5633
5341
7972
6147
4956
2710
3067
6535
5499
4382
4785
6831
7430
2073
4917
5585
3478
5240
7129
6621
2450
2259
2504
1929
3683
5602
7452
3697
2916
1403
6180
1146
880
3546
1068
7315
2111
3211
2621
4297
5744
3729
1218
3577
2814
7951
3473
4282
6459
3138
2112
667
3168
2491
2622
7674
1018
6458
7715
3439
3791
3486
6823
1
1839
2304
6241
5088
3727
5967
1964
2276
3080
5119
4006
7820
316
2341
520
878
6825
5143
6631
4916
150
3149
1088
6190
1638
257
2605
7392
3674
7993
4769
4339
314
6058
1960
6222
5225
1236
1404
6821
3428
617
1157
3093
5331
6151
1586
5540
3621
2789
860
5411
6954
2643
5808
5163
5000
7608
6551
6925
2453
449
5946
6710
1383
5789
6838
4718
3327
7741
5674
7547
2100
6007
5006
923
456
2393
6368
1296
4033
7713
4222
5415
1232
2810
4380
6035
4870
4777
5156
7140
5580
637
6673
2425
5262
4743
1282
7268
3182
930
3883
5874
7956
2002
6741
6510
4024
817
3247
3743
2026
1304
504
3388
4321
5059
7340
6376
7121
3286
4162
97
4181
1110
4136
1696
2144
551
3152
3825
3612
414
1353
2557
3949
2339
5335
900
2768
7701
263
1822
2020
7825
7737
3649
4039
6868
1831
3470
1377
5972
3237
2845
1285
6423
4744
7895
4607
6042
7219
1758
865
6073
3768
4456
2248
5800
4179
4020
7138
7891
3826
5969
5235
5950
1081
359
5714
5687
7022
3755
890
6627
7313
1910
5703
3316
6247
7343
4203
3656
4174
103
1934
1327
7924
269
2445
6350
3819
912
6468
2658
3686
4407
7474
665
6279
2077
2316
5382
7130
3257
1800
5414
4363
7581
2989
354
2743
3698
5676
5567
1821
6245
5146
2070
6609
325
4383
6578
1662
3390
487
2736
1406
1009
4700
2435
1538
5420
4679
2754
6839
6587
5582
3171
6852
3868
2101
1389
3125
6002
3334
125
175
2256
1648
1610
6730
6676
361
4384
3294
5045
945
6544
3931
5891
6229
1833
7893
431
3968
1645
7748
4782
1634
3969
5147
7546
3236
2624
1657
5355
2777
6314
1284
2173
1582
6549
6481
2545
6123
3938
6380
3892
6807
7434
3148
766
5367
1297
2913
6154
7468
4628
3415
7538
5332
7908
7954
7809
1120
5841
5192
7784
1126
7623
904
5324
2066
5990
3477
5286
1749
1170
7554
6512
7069
2923
5635
6848
5821
6683
3430
1736
4332
5012
3126
4318
6049
4534
5603
952
6428
5912
3187
2396
5978
3105
3342
7382
7940
6145
2343
5102
6457
4692
1136
4059
7465
4950
1094
4643
1020
7361
5734
6569
5392
3648
6600
2596
396
3250
6026
7153
5741
1588
2965
6337
1413
5935
4085
2508
1079
3226
7851
4335
1459
728
5106
1083
4593
2462
2664
5259
7877
1881
6527
6623
3330
6723
5832
152
7644
6509
2172
3792
4939
6752
994
3268
2487
3824
3114
1125
1144
2936
4536
866
346
2510
4862
1686
1848
556
1817
1664
4507
5205
568
691
3835
7099
5140
3838
5467
5223
3906
3803
6152
1044
3670
4992
6688
4461
968
1650
2693
6456
3293
5601
4492
1342
476
1709
4693
7279
7060
5016
7615
4989
5614
6746
3452
6133
4786
231
4053
5807
4535
7849
596
7490
1870
1109
6331
3283
530
7779
2354
669
5883
2064
7013
1371
5837
6102
3173
2691
5843
7824
894
412
5388
1930
6429
6023
5058
393
4835
5199
5913
2544
3555
2160
6166
1583
4823
6636
6696
5998
2614
1525
5042
4381
5673
3625
2563
1599
5177
6132
4111
5174
5164
173
3264
4556
2337
5214
3180
585
3015
3885
5091
4526
597
5996
5699
6834
7764
5037
4567
7965
6630
1992
6728
2940
3867
227
7221
3540
5460
6303
1298
4671
3630
5626
5859
7322
6514
4175
6393
7149
60
2280
3178
299
6312
5325
2231
4930
6845
1558
1405
2361
5681
708
1894
5817
249
1552
2346
6349
6781
1952
5464
6466
2285
329
6462
2084
6124
6235
4553
5665
1702
4940
7808
201
1484
6766
3461
4688
7460
4050
1792
144
6862
4958
1229
5216
7888
2887
4926
4004
3860
4645
2656
256
1605
3314
4390
2707
4945
3008
2087
3420
1892
6014
4799
4665
484
5549
7749
1782
7334
6064
4915
238
586
3491
4678
7147
4496
3373
4984
6189
5966
5844
7346
5109
1691
3374
2451
1743
3822
3635
4881
6767
2652
767
801
3812
3402
6543
3582
6530
3761
6055
1928
1435
4126
2126
5319
2700
3500
2751
3918
186
6591
1628
6395
3753
6824
5448
6069
1448
3643
951
4929
1451
4118
5013
1214
6285
6798
2585
4797
5062
45
4664
1213
2476
3565
459
6768
7593
3684
2554
2698
6725
1708
6313
3483
2420
1539
6210
161
1356
4021
4880
3313
4455
6418
2291
2598
3064
7450
6185
4561
5278
7061
5458
2357
3406
5004
6108
4654
5578
7000
7690
840
757
4035
5849
6672
151
3205
7739
4243
7728
6606
6030
7555
4810
5264
3375
7273
3072
3304
4041
3772
3927
5455
43
6818
3504
1453
3321
4773
7786
4730
7963
2920
1241
5018
4662
3998
647
2284
4795
3573
970
3014
1790
438
7610
914
1225
6792
751
2934
6353
2549
7797
3137
580
915
3905
6281
3223
5857
4031
1978
2205
5642
275
1513
4478
2769
5019
5256
7599
6142
4144
7756
3029
5953
5971
7726
4277
7063
718
6052
6531
2924
5659
7078
2223
3634
411
436
6003
1064
7509
2619
7448
5576
286
4723
6762
6486
1726
2952
4133
2881
7605
298
7549
7539
4369
5431
4590
5399
2697
943
810
1462
560
6744
4825
1275
6497
2059
899
3789
2720
5450
3529
7030
4673
4736
1006
3454
7014
2068
1461
5532
6524
5284
3802
3739
1173
3516
7850
4717
6875
1998
1135
2942
3994
2235
5129
5260
2828
2423
2517
1653
1640
4350
613
1127
655
3219
3124
4598
1629
992
2912
650
3788
3805
6414
6431
3793
3280
2550
7759
6366
3049
3579
6443
1012
2165
7682
7511
7380
6334
7776
1554
5787
7553
2262
2203
7497
6778
6853
2519
2313
5861
5375
6464
3255
4502
6826
3733
1671
6323
3979
39
1309
1408
2858
2189
2481
4036
4523
262
4937
4753
6162
4272
5049
3291
3840
4872
3061
795
6757
288
864
3990
4221
7620
6981
4071
1376
3054
7135
4410
7830
1694
2107
5594
989
2907
2817
3993
2855
1466
7552
1850
6892
1317
4595
2973
5830
6150
224
2032
7034
6156
1313
1114
641
4802
153
1454
6769
2525
7005
7232
6424
6574
7948
3997
5312
6953
331
5765
5515
881
6634
3010
7284
1860
6737
6678
189
6265
2582
2378
1290
7928
7643
6129
5443
4508
2209
6477
6309
1189
3031
576
5117
7330
3218
1728
4166
4273
1711
3741
1381
1388
4638
2245
3955
2060
7415
3701
3190
1884
7413
4376
2278
2594
6326
415
4780
1807
3691
2494
3653
5229
3150
3780
65
3902
7661
4418
5287
3975
6082
2021
6888
364
7991
5705
5848
6251
2416
5610
182
1010
5337
6125
132
6734
6833
11
3273
406
2997
7936
2902
1477
2739
6053
7512
5105
898
2356
3836
6472
3682
3912
3578
1779
6650
3937
1216
7328
7906
4827
5261
3026
521
5381
5530
3419
3328
4108
4525
6501
2876
4140
7151
5746
1680
6045
3534
884
1498
5624
3369
7872
5766
913
608
6276
7347
5828
167
6893
6922
1548
1472
1058
6454
7787
4588
5717
1797
676
1556
3619
1882
1672
1545
3558
7152
2074
1624
3512
5955
2527
4253
1253
6858
1129
5290
5748
7483
5983
94
3230
4901
4491
3005
6803
4874
312
1103
3222
4895
1847
4726
1943
7019
5691
3128
7015
1049
7168
2061
6791
6128
7750
1139
7178
4578
2801
5563
2935
2950
3673
5895
3098
5751
122
3053
6192
